20	182	4	53.3574079	-6.3714236	625000	3
7	124	5	53.3515058	-6.2960043	430000	5
14	116	4	53.2947967	-6.2821518	595000	6
14	84	3	53.2944655	-6.2697407	475000	6
24	104	3	53.3001659	-6.3563517	395000	3
6	70	2	53.3142904	-6.2815422	575000	5
15	148	4	53.3819042	-6.3822293	465000	6
2	74	3	53.3348783	-6.2650163	475000	8
24	73	3	53.290063	-6.3447246	270000	5
16	244	6	53.2831501	-6.330373	769950	6
6	155	3	53.329873	-6.2637997	795000	7
3	55	2	53.3513037	-6.2349949	295000	2
8	60	2	53.3382327	-6.2914777	345000	5
6	372	4	53.3306664	-6.2532141	2950000	6
16	168	5	53.2831501	-6.330373	700000	3
4	52	2	53.330644	-6.2303587	450000	5
9	95	3	53.3839695	-6.2327036	445000	6
2	38	1	53.3426815	-6.245115	325000	8
18	83	3	53.2753874	-6.191113	495000	6
6	135	4	53.3064856	-6.3008039	595000	3
3	57	2	53.3587655	-6.2457256	240000	7
7	60	2	53.3581223	-6.272452	285000	1
4	54	2	53.331959	-6.2159912	345000	1
15	108	3	53.401484	-6.4258953	375000	6
4	85	2	53.3368821	-6.2293415	625000	5
15	103	4	53.386574	-6.3780055	490000	3
18	149	5	53.2343438	-6.1187294	600000	6
3	232	5	53.3630407	-6.2187486	1300000	5
4	196	3	53.3291261	-6.2214049	1250000	6
8	99	3	53.3409708	-6.3238981	445000	5
9	226	5	53.3667409	-6.2700472	800000	5
14	48	2	53.2989843	-6.2845572	325000	1
8	83	3	53.3337649	-6.2798426	550000	5
8	45	1	53.3416066	-6.2990284	190000	1
8	52	2	53.3425185	-6.271268	275000	1
6	71	3	53.3267474	-6.2810512	475000	5
8	63	2	53.3382058	-6.3042729	320000	1
7	52	2	53.3505954	-6.283153	350000	5
22	107	3	53.2969849	-6.4189764	365000	6
8	250	3	53.3359522	-6.2748802	1500000	1
13	77	2	53.401135	-6.1632471	250000	1
18	157	3	53.2546016	-6.2064583	625000	6
9	94	3	53.3904958	-6.2295194	395000	6
8	65	4	53.3378308	-6.3214529	285000	5
6	162	3	53.3164144	-6.2529343	1200000	6
14	138	4	53.3002361	-6.2272692	875000	6
4	82	2	53.3190691	-6.22958	495000	1
13	120	3	53.401761	-6.1541197	345000	7
5	138	3	53.3898876	-6.201814	435000	6
18	232	4	53.2586173	-6.1793275	1500000	3
14	160	4	53.2902529	-6.2922846	750000	6
15	78	2	53.3769656	-6.3152074	315000	1
11	87	3	53.3859469	-6.3174217	215000	7
6	51	1	53.3281559	-6.2574139	425000	1
6	101	3	53.3071911	-6.2807918	545000	1
18	104	3	53.2342977	-6.116319	525000	6
18	104	3	53.2342977	-6.116319	525000	6
6	73	2	53.3267474	-6.2810512	450000	7
6	181	4	53.303109	-6.3012205	1250000	6
11	86	3	53.37784	-6.286575	365000	5
66	110	4	53.2941993	-6.3157917	550000	6
8	125	4	53.3363983	-6.2887444	695000	6
8	91	2	53.3365641	-6.2736277	350000	5
2	52	2	53.3406893	-6.245319	395000	7
1	70	2	53.3503612	-6.2562012	325000	1
24	38	1	53.2777339	-6.4007725	120000	1
22	156	4	53.3190897	-6.393223	439950	6
8	60	2	53.3379582	-6.2745894	345000	7
4	86	2	53.3306369	-6.2236266	495000	1
6	130	2	53.3136563	-6.2520678	695000	1
11	149	4	53.3945149	-6.275447	575000	6
6	102	2	53.3282725	-6.2601016	475000	3
7	117	5	53.3562725	-6.2705753	510000	5
3	63	3	53.3541631	-6.231003	250000	7
8	98	3	53.3351293	-6.2921677	450000	7
9	169	3	53.3691884	-6.2544102	675000	7
24	86	3	53.2850227	-6.4110635	255000	6
15	130	4	53.3842938	-6.3680218	565000	6
22	90	3	53.3075695	-6.365461	325000	6
16	126	4	53.2733444	-6.3143767	545000	5
6	144	2	53.3036727	-6.2615952	950000	7
16	117	4	53.2913495	-6.2454413	595000	6
7	108	3	53.3639102	-6.3059483	575000	6
18	46	1	53.2686148	-6.243023	225000	1
3	104	3	53.3699973	-6.2343628	460000	7
18	100	3	53.271783	-6.1933509	595000	6
12	70	2	53.3275812	-6.3037719	325000	7
12	78	3	53.3262184	-6.327142	275000	7
5	108	3	53.3819676	-6.2053405	385000	6
4	388	5	53.3251833	-6.2220547	2500000	6
13	95	3	53.4048113	-6.1726604	270000	1
8	86	3	53.338703	-6.3090293	380000	7
4	248	4	53.3250898	-6.2219129	2000000	6
18	130	4	53.2716172	-6.1930448	665000	6
15	60	1	53.3888993	-6.4271118	220000	1
8	61	2	53.3373312	-6.3240432	325000	7
4	114	2	53.3328254	-6.2369642	995000	3
9	130	3	53.3691884	-6.2544102	750000	6
12	92	3	53.327712	-6.3282853	335000	7
7	56	2	53.3671308	-6.2870186	295000	7
66	222	4	53.3026798	-6.3099347	875000	6
5	111	3	53.386835	-6.210511	390000	6
13	102	3	53.3905328	-6.1434997	399000	5
12	80	2	53.3275812	-6.3037719	345000	5
14	83	3	53.2927195	-6.2722071	400000	7
1	52	2	53.3606737	-6.2618653	300000	1
2	122	3	53.3454014	-6.2361096	520000	4
5	85	2	53.3969067	-6.2021877	234950	7
6	57	1	53.3282075	-6.2785484	350000	2
7	45	2	53.3538541	-6.2930585	350000	7
3	97	3	53.3570047	-6.2414579	370000	7
6	165	4	53.3012741	-6.2959967	750000	7
3	83	2	53.3564139	-6.2334078	420000	7
16	155	3	53.2741884	-6.2414732	675000	6
16	155	3	53.2741884	-6.2414732	675000	6
5	76	3	53.3864877	-6.1868936	310000	5
3	95	3	53.3668231	-6.2500956	395000	4
4	76	2	53.3303989	-6.2313359	690000	5
12	79	2	53.3275812	-6.3037719	350000	5
5	118	3	53.384484	-6.1502317	500000	6
15	99	3	53.3711729	-6.3933915	450000	6
22	84	3	53.3265316	-6.4189921	250000	5
6	311	5	53.3143393	-6.2541334	2300000	6
4	100	2	53.3315161	-6.2130325	775000	5
14	70	2	53.3030516	-6.265801	395000	1
14	93	3	53.2945804	-6.2618811	650000	2
13	49	1	53.3981138	-6.1793415	169000	1
12	84	3	53.3131396	-6.32222	395000	2
15	88	3	53.3815276	-6.4008841	330000	6
1	48	2	53.3552311	-6.2440881	230000	7
66	126	4	53.2976983	-6.299973	650000	6
13	66	2	53.4018183	-6.1407405	270000	1
15	92	3	53.3720781	-6.3706031	350000	1
22	75	3	53.3045704	-6.3653584	335000	2
15	63	2	53.388109	-6.429567	235000	1
18	346	5	53.2592362	-6.1662505	1395000	3
13	65	2	39.9662406	-75.1535221	250000	1
2	78	2	53.344003	-6.2341582	685000	1
14	210	4	53.292737	-6.2432347	845000	6
8	83	3	53.3423374	-6.3094157	395000	1
9	123	3	53.3876615	-6.2495021	475000	5
3	200	4	53.3706867	-6.2065887	995000	6
3	84	2	53.3547019	-6.2362931	350000	7
14	154	3	53.3030865	-6.2842178	650000	6
9	73	2	53.3721817	-6.2614044	395000	7
12	85	3	53.3155551	-6.3036949	290000	5
18	126	3	53.2619565	-6.218458	435000	4
15	68	2	53.3958532	-6.4304119	250000	1
66	86	2	53.3017886	-6.2965723	435000	1
11	180	4	53.3903508	-6.2740542	600000	6
66	170	4	53.3200358	-6.2864155	725000	6
20	173	5	53.3523668	-6.3749486	420000	5
11	79	3	53.3890537	-6.319832	235000	5
9	76	2	53.4067249	-6.2493205	245000	1
8	46	1	53.3430611	-6.3215398	225000	1
12	115	4	53.3183647	-6.3306723	450000	5
66	62	2	53.3109755	-6.3064508	395000	5
8	512	4	53.3403985	-6.315653	475000	7
4	101	2	53.3139611	-6.2264795	575000	1
15	64	2	53.3879699	-6.3932206	210000	1
24	87	3	53.2883931	-6.4152831	235000	7
4	86	2	53.327532	-6.2385031	550000	1
15	87	2	53.3702678	-6.3842596	350000	1
15	60	3	53.3957015	-6.4212565	279000	6
6	59	2	53.3226942	-6.286871	340000	7
5	107	3	53.3816582	-6.1598717	520000	6
1	110	3	53.349531	-6.244996	630000	1
16	119	3	53.2773999	-6.3291454	495000	6
8	47	2	53.3351622	-6.272684	375000	2
11	116	4	53.400567	-6.2830695	390000	7
24	88	3	53.2754036	-6.4076693	250000	6
22	91	3	53.3441193	-6.3936365	245000	6
8	54	2	53.3468748	-6.3075883	330000	1
13	243	4	53.3907242	-6.1129051	995000	6
16	144	4	53.2936466	-6.3084904	525000	6
13	82	3	53.3904763	-6.1205939	395000	7
15	88	3	53.4027031	-6.3998657	295000	6
4	52	1	53.3304028	-6.2291962	485000	4
8	86	3	53.3431919	-6.2805666	400000	7
4	115	2	53.3367098	-6.2194253	595000	7
15	110	3	53.3800057	-6.3986169	320000	1
22	72	3	53.3250065	-6.3822541	289000	6
6	173	5	53.3087973	-6.2731882	1200000	6
15	150	4	53.3685196	-6.3835328	670000	6
9	129	4	53.3652104	-6.2602552	625000	7
20	56	3	53.3492141	-6.3704511	395000	2
8	63	2	53.3352807	-6.3129968	295000	1
12	81	3	53.3211786	-6.3172135	260000	7
20	90	3	53.346636	-6.3462167	330000	1
20	129	4	53.3513162	-6.3524855	480000	6
3	113	3	53.3620458	-6.2493346	525000	7
3	206	4	53.360547	-6.2046498	1500000	6
13	65	2	53.3981138	-6.1793415	215000	1
8	43	1	53.340075	-6.3160803	195000	1
14	91	3	53.2913495	-6.2454413	680000	6
16	137	5	53.2936466	-6.3084904	630000	3
14	155	4	53.2845861	-6.2279056	799000	6
66	81	2	53.3017886	-6.2965723	475000	1
4	78	2	53.3304028	-6.2291962	520000	1
3	71	2	53.3633372	-6.2462558	375000	7
6	90	3	53.3189535	-6.2792947	550000	3
24	85	3	53.2906764	-6.3364975	319000	7
5	106	3	53.3892981	-6.1536866	385000	6
5	80	2	53.3761865	-6.16705	395000	1
18	156	4	53.238053	-6.1961522	850000	3
15	101	2	53.374884	-6.4046052	255000	1
16	125	3	53.2736054	-6.2526515	595000	6
4	100	3	53.3388607	-6.2215303	750000	5
13	127	3	53.4006976	-6.1539994	350000	7
10	67	3	53.3405239	-6.364531	270000	7
6	69	2	53.3096545	-6.2784128	425000	1
6	69	2	53.3096545	-6.2784128	425000	1
24	112	3	53.2671365	-6.3668762	360000	6
24	101	3	53.287322	-6.3424906	335000	6
15	67	2	53.3946527	-6.3797578	285000	7
8	89	3	53.3403194	-6.3274423	395000	7
18	158	4	53.2485067	-6.1812241	625000	6
18	158	4	53.257618	-6.1988527	595000	7
14	135	3	53.2982544	-6.223052	895000	3
24	95	3	53.2708467	-6.3677447	275000	7
5	78	3	53.3819676	-6.2053405	330000	6
18	78	2	53.2563086	-6.1496917	375000	1
6	65	2	53.3057017	-6.2458781	395000	7
6	74	3	53.3168022	-6.2538125	675000	7
7	231	8	53.3529566	-6.2973059	1050000	7
3	96	2	53.3571294	-6.2397793	450000	7
8	85	3	53.3347202	-6.2794811	450000	7
4	47	2	53.3435108	-6.2212043	325000	7
7	53	2	53.3568565	-6.2659255	299000	2
15	78	2	53.3926306	-6.4333894	275000	3
20	52	1	53.3493249	-6.3452622	220000	1
24	118	4	53.2789149	-6.3653473	375000	6
24	84	3	53.2944952	-6.3444756	275000	7
9	103	3	53.380118	-6.2272364	375000	7
11	97	3	53.3853995	-6.2708112	435000	6
66	108	3	53.3073483	-6.2987776	795000	6
20	86	3	53.3492974	-6.3690179	345000	6
7	74	3	53.360229	-6.285565	340000	7
3	86	2	53.3559331	-6.2341991	375000	7
5	89	3	53.3757875	-6.2106426	385000	6
7	53	1	53.3488517	-6.2790655	295000	1
4	123	3	53.3274149	-6.2433113	900000	7
4	97	3	53.3353518	-6.2364336	895000	3
5	115	3	53.3763921	-6.1957129	570000	6
8	48	1	53.3415674	-6.32729	225000	1
9	76	2	53.4041122	-6.2600368	249950	1
20	127	4	53.3516108	-6.3535075	450000	6
16	97	2	53.2875593	-6.3141777	450000	3
1	45	1	53.3500122	-6.256174	235000	1
4	185	4	53.3240315	-6.2368457	1450000	5
7	39	1	53.362438	-6.2709618	230000	1
1	44	1	53.3524615	-6.2702534	210000	1
1	48	1	53.3497156	-6.2434861	315000	1
8	54	2	53.3355176	-6.2908539	290000	7
7	42	2	53.3521015	-6.2955451	360000	7
12	86	3	53.3308496	-6.3241601	390000	5
7	156	4	53.3748993	-6.3206586	495000	6
8	61	2	53.3450968	-6.2683925	395000	1
11	100	3	53.39145	-6.3071744	259000	7
3	74	2	53.3525114	-6.2342761	315000	7
1	56	2	53.3549234	-6.252058	160000	5
2	53	2	53.3450186	-6.2481116	350000	7
3	112	3	53.3651142	-6.2416323	550000	7
11	60	2	53.4014922	-6.2945459	220000	1
6	116	3	53.3279244	-6.2554293	825000	7
9	40	2	53.3632677	-6.2601398	315000	7
12	108	3	53.3110377	-6.3332936	335000	5
3	132	3	53.3630426	-6.2139987	595000	6
9	96	3	53.3889728	-6.2478763	475000	6
16	136	4	53.2787759	-6.3025357	595000	5
16	112	3	53.2807009	-6.2427837	650000	1
14	122	3	53.2887061	-6.246909	595000	6
12	90	3	53.3297889	-6.3285026	350000	6
20	333	7	53.3516859	-6.3537582	750000	6
15	82	2	53.3722827	-6.3356878	365000	1
8	72	3	53.3384826	-6.3245971	400000	6
3	207	4	53.3691386	-6.20953	975000	3
3	81	2	53.3683355	-6.1910597	390000	1
1	70	2	53.3492724	-6.2314942	375000	1
16	120	4	53.2815117	-6.3128104	525000	6
5	111	3	53.3874345	-6.1781557	425000	6
14	160	5	53.2913495	-6.2454413	825000	6
24	95	2	53.2999623	-6.3662871	275000	5
2	100	3	53.2893563	-6.6777065	595000	1
15	63	2	53.3922492	-6.4341795	205000	1
6	76	2	53.3292293	-6.2612007	490000	5
6	152	4	53.3280321	-6.2633411	895000	7
13	110	3	53.3894982	-6.1224701	475000	6
3	88	3	53.3664911	-6.1967344	650000	7
6	101	2	53.3128084	-6.2795344	640000	7
18	100	3	53.2598508	-6.1666877	550000	7
22	60	3	53.3210091	-6.4052421	315000	2
9	119	4	53.386448	-6.2311743	345000	6
16	63	2	53.2842769	-6.2967525	375000	1
15	75	2	53.3738933	-6.4024615	300000	7
14	75	2	53.3072572	-6.2424489	465000	1
22	85	3	53.3113023	-6.3643556	350000	6
11	76	2	53.4062988	-6.285191	225000	1
13	105	3	53.4064665	-6.1674971	399000	6
7	96	2	53.3569982	-6.2515831	325000	7
9	11	3	53.3940003	-6.2556779	235000	7
9	106	2	53.3691884	-6.2544102	595000	7
9	68	3	53.3691884	-6.2544102	395000	7
9	117	4	53.3899124	-6.2298142	475000	6
3	70	2	53.3579064	-6.2362974	285000	7
8	52	2	53.337095	-6.296963	280000	7
12	66	2	53.3323409	-6.3162337	320000	7
24	66	2	53.2768996	-6.3797237	295000	1
7	75	3	53.3660478	-6.2923147	324950	6
3	221	4	53.3683381	-6.1942355	1350000	3
3	74	2	53.3637801	-6.2470451	325000	7
2	92	3	53.3312517	-6.2610716	495000	1
8	122	3	53.3415959	-6.3181488	495000	7
16	150	4	53.2794639	-6.2314317	625000	6
5	130	4	53.3808231	-6.1934218	495000	6
14	85	3	53.2900086	-6.2445229	625000	6
8	55	2	53.3425508	-6.2973055	345000	3
14	201	4	53.2940383	-6.3070349	1150000	3
4	223	5	53.3331574	-6.2303195	1395000	6
18	115	3	53.2604725	-6.2092101	495000	7
8	71	2	53.3359833	-6.2944954	395000	7
12	102	4	53.3168703	-6.3316004	445000	5
11	94	3	53.3904892	-6.3209783	260000	7
9	95	3	53.3709799	-6.2597411	425000	5
24	94	3	53.3071908	-6.3640284	345000	2
4	44	2	53.3278892	-6.21089	495000	7
1	60	2	53.3563448	-6.2524136	225000	7
8	121	4	53.34256	-6.3127885	500000	5
15	53	1	53.367551	-6.3579079	345000	1
4	80	2	53.339742	-6.222204	545000	7
15	119	3	53.3778551	-6.3294364	385000	4
7	60	3	53.3648128	-6.3098343	395000	2
14	132	3	53.2904293	-6.2846568	600000	3
13	95	2	53.3718809	-6.0940572	900000	1
22	131	3	53.3455073	-6.3826907	325000	6
14	155	4	53.3022559	-6.2725999	745000	3
6	110	3	53.3052521	-6.2635403	830000	6
9	92	3	53.3734199	-6.2362697	545000	6
9	128	3	53.3857963	-6.2335598	385000	6
12	98	3	53.3347163	-6.3132702	299950	7
7	75	2	53.3513034	-6.2749225	295000	4
22	85	2	53.3176978	-6.4152185	234950	7
12	66	2	53.3204081	-6.3000977	315000	5
7	175	4	53.3595183	-6.2575449	449000	7
16	120	3	53.2820957	-6.3194043	495000	6
1	128	3	53.3490556	-6.2447174	650000	1
15	130	4	53.3798284	-6.3761547	500000	6
13	310	6	53.3920612	-6.1030929	1850000	6
4	97	2	53.3422753	-6.2165132	450000	7
14	74	3	53.2890333	-6.2624911	390000	7
15	78	3	53.3793228	-6.3681449	375000	7
14	160	3	53.2990611	-6.2854647	750000	7
24	110	3	53.2666836	-6.368491	350000	6
24	90	3	53.3037372	-6.3530073	290000	6
6	102	3	53.3087881	-6.2815247	475000	4
4	300	6	53.3263603	-6.2382819	2500000	6
22	122	3	53.3092903	-6.4078445	289950	5
22	150	4	53.3141863	-6.3878374	645000	3
16	103	3	53.2727526	-6.3500111	390000	6
66	115	3	53.3023716	-6.3303539	475000	6
6	62	2	53.3234563	-6.2505421	385000	6
3	62	2	53.3640986	-6.206047	435000	7
24	80	3	53.2792558	-6.409313	250000	6
4	151	4	53.3341362	-6.2203669	950000	6
8	88	2	53.3417178	-6.3201423	395000	5
22	164	4	53.3301722	-6.399298	399950	6
11	93	3	53.4048285	-6.2846823	270000	8
14	95	3	53.3060045	-6.2508604	565000	6
12	81	2	53.3308761	-6.3271206	299995	7
12	93	3	53.3304268	-6.3220201	315000	7
8	65	2	53.3332559	-6.2734008	580000	7
18	78	2	53.2609113	-6.2208715	325000	1
14	93	3	53.294058	-6.2686945	550000	7
5	100	3	53.3813572	-6.1957358	475000	6
9	130	4	53.3768796	-6.2387476	625000	6
6	152	4	53.3216067	-6.2618534	1050000	6
3	266	5	53.3643247	-6.2043234	1850000	6
15	220	5	53.3731489	-6.3775108	995000	3
7	101	4	53.3596811	-6.3014302	430000	5
8	91	2	53.3356863	-6.2918746	495000	7
12	97	5	53.3197952	-6.3278353	375000	6
15	104	3	53.3989728	-6.4022957	300000	6
7	57	2	53.3611354	-6.2625481	325000	7
8	40	1	53.3384386	-6.2906087	245000	7
4	92	2	54.136836	-0.797897	799000	1
14	98	3	53.2938832	-6.2956198	625000	6
6	99	3	53.306789	-6.2772618	595000	7
6	128	3	53.3284277	-6.2620255	795000	7
7	80	3	53.3677112	-6.2925882	325000	5
18	93	3	53.226494	-6.1265227	395000	4
8	85	3	53.334856	-6.2995049	385000	7
14	222	4	53.3018269	-6.2686253	1075000	6
18	90	2	53.2767347	-6.1512743	460000	1
15	110	3	53.4044682	-6.4212999	320000	6
14	74	2	53.2972477	-6.2794049	395000	7
8	205	3	53.3310084	-6.2756288	995000	7
6	140	4	53.3092581	-6.30411	620000	6
16	68	2	53.2854079	-6.2375085	395000	6
7	149	3	53.3596542	-6.272602	450000	5
9	86	3	53.4041122	-6.2600368	325000	1
66	98	3	53.2966902	-6.323543	475000	6
13	148	5	53.3904574	-6.1321577	725000	6
5	90	3	53.3829137	-6.1757535	395000	5
66	178	3	53.3230686	-6.2796713	745000	7
18	215	3	53.2436929	-6.1820132	825000	2
7	95	3	53.3668091	-6.3190891	400000	7
15	115	3	53.3992707	-6.4306098	355000	6
6	77	3	53.3154924	-6.2844895	450000	7
3	87	2	53.3741691	-6.2093647	425000	7
9	98	3	53.3879023	-6.2342715	395000	6
22	84	3	53.3255391	-6.4024956	300000	5
66	137	5	53.3039189	-6.3183047	650000	6
8	38	1	53.3367908	-6.3048756	245000	1
8	63	1	53.3347418	-6.2829637	335000	1
8	150	3	53.3347418	-6.2829637	695000	7
4	83	2	53.3412088	-6.2327441	475000	7
8	105	3	53.3351073	-6.2973954	450000	6
22	92	3	53.320971	-6.4155948	320000	7
8	50	2	53.3399042	-6.2774675	295000	5
4	40	1	53.3316342	-6.236058	350000	1
4	42	2	53.3434337	-6.2206102	345000	8
1	32	1	53.3550483	-6.2513652	199000	7
1	125	4	53.3546498	-6.251798	315000	7
6	49	2	53.3263518	-6.2664287	350000	1
8	52	2	53.3351317	-6.276565	370000	7
8	116	3	53.3332458	-6.2775509	795000	7
66	111	4	53.3005624	-6.313903	598000	6
18	43	1	53.2597904	-6.2230662	225000	1
8	181	6	53.3389496	-6.3214445	495000	7
66	122	3	53.3038258	-6.3095669	675000	2
14	150	4	53.3022497	-6.2728462	675000	6
7	77	2	53.3674569	-6.2988594	275000	6
14	71	2	53.2820864	-6.2438042	385000	1
9	90	3	53.3876615	-6.2495021	338000	6
14	170	5	53.2851962	-6.2277533	999000	3
8	45	1	53.3395804	-6.3194869	195000	1
12	56	2	53.3256781	-6.3039738	265000	7
16	84	3	53.2788755	-6.3286162	450000	6
24	103	4	53.280303	-6.3888516	259000	5
5	78	3	53.3899561	-6.1564715	345000	6
9	128	4	53.3909948	-6.2335784	440000	3
14	154	3	53.2955779	-6.3020933	995000	3
14	82	3	53.3009061	-6.2441465	445000	3
24	95	3	53.2829306	-6.3883414	310000	3
15	51	1	53.3773571	-6.3293197	230000	1
12	71	3	53.3212567	-6.3537337	345000	6
8	40	2	53.3426233	-6.2821525	255000	1
9	93	3	53.389935	-6.2469974	365000	7
18	135	4	53.2312316	-6.1261377	595000	7
15	111	3	53.4102465	-6.4392594	365000	6
18	80	2	53.2400781	-6.1237461	315000	1
8	166	3	53.3393522	-6.251457	795000	7
17	84	3	53.3942281	-6.1986072	250000	7
11	97	3	53.3946517	-6.2852442	395000	6
24	101	3	53.2796338	-6.3986406	200000	5
15	93	2	53.3921644	-6.3683688	270000	4
5	80	3	53.398906	-6.2025781	285000	6
12	76	2	53.3192335	-6.3320966	325000	6
3	69	2	53.3594516	-6.2464628	365000	7
14	96	4	53.3033681	-6.2347382	595000	3
22	87	3	53.3468657	-6.3985551	239000	7
8	91	3	53.3370014	-6.3137971	375000	7
4	129	4	53.3256475	-6.2396662	1100000	6
3	82	2	53.3741564	-6.2230015	375000	5
7	80	3	53.3609125	-6.2610892	295000	7
16	136	5	53.2889109	-6.3120273	665000	6
8	102	3	53.3384744	-6.2737541	625000	7
4	170	3	53.328141	-6.2466436	1195000	8
12	158	4	53.3197743	-6.2907048	410000	6
4	64	2	53.3377312	-6.2320295	495000	5
7	119	4	53.3643943	-6.3169864	480000	6
8	100	3	53.3413523	-6.2788296	650000	1
8	72	2	53.3410109	-6.2799884	495000	7
15	130	4	53.3829169	-6.3719869	485000	6
24	85	2	53.2862166	-6.4011022	198000	2
8	127	5	53.3358172	-6.2950152	500000	7
24	144	5	53.2798173	-6.3561772	375000	5
16	108	3	53.2608171	-6.2950601	625000	2
8	104	2	53.3365237	-6.2691382	725000	5
8	140	3	53.3359513	-6.27485	775000	1
66	135	4	53.3010982	-6.3156186	1100000	3
16	163	4	53.2793603	-6.3011508	695000	6
13	168	3	53.3963038	-6.1281784	595000	7
66	82	3	53.3192035	-6.296614	435000	6
6	185	4	53.3150423	-6.2666105	1350000	7
6	38	1	53.3261051	-6.2602401	395000	7
24	84	3	53.2856549	-6.3785739	245000	7
15	62	1	53.392191	-6.4337003	165000	1
4	38	1	53.3324643	-6.2425468	250000	1
2	70	2	53.3453867	-6.2334255	495000	1
2	72	2	53.3441883	-6.2429563	415000	7
15	104	4	53.3923355	-6.423214	320000	2
8	89	3	53.3360716	-6.2944377	425000	7
10	104	4	53.3376895	-6.3703949	325000	5
8	134	3	53.3329087	-6.2692243	875000	7
24	132	4	53.2688481	-6.3433057	475000	6
15	68	2	53.3740471	-6.3640885	275000	1
4	60	1	53.3292702	-6.2244563	369950	1
8	149	4	53.333525	-6.2729086	750000	7
9	80	3	53.371415	-6.2593742	325000	6
11	101	3	53.3958234	-6.3208166	305000	5
11	87	3	53.387512	-6.2686072	395000	5
22	83	3	53.3209587	-6.4156646	319500	5
7	69	2	53.3519735	-6.2880605	365000	7
8	51	2	53.3360774	-6.3302252	290000	7
16	149	4	53.2745153	-6.3009281	580000	6
22	105	4	53.3404911	-6.4017533	250000	6
8	180	3	53.3317988	-6.2670514	1150000	7
5	98	2	53.3771095	-6.1637013	425000	7
24	101	3	53.2941695	-6.3442547	290000	7
8	149	3	53.3299087	-6.2738675	825000	7
14	800	2	53.2924494	-6.2780494	359950	1
11	128	5	53.3860606	-6.2781804	385000	6
8	130	1	53.335518	-6.3265725	330000	6
4	45	1	53.3360289	-6.2655781	300000	1
15	50	1	53.3782826	-6.3253808	235000	1
9	95	3	53.3910419	-6.2498752	450000	3
4	285	5	53.3209034	-6.2275988	2400000	3
9	152	3	53.3886539	-6.2454116	395000	6
24	90	3	53.2728423	-6.3352861	375000	6
2	39	1	53.3412013	-6.2647211	275000	1
13	68	2	53.3863796	-6.0676177	475000	7
18	137	4	53.2389049	-6.1246118	540000	3
14	131	4	53.294276	-6.2291551	740000	6
14	182	4	53.3068425	-6.238607	1200000	2
8	58	2	53.3380735	-6.2908194	350000	5
66	180	4	53.311629	-6.2872804	1050000	7
15	167	5	53.3794895	-6.3704356	810000	3
11	68	2	53.3987867	-6.2887133	215000	4
15	158	4	53.3773559	-6.3144279	545000	7
6	96	3	53.3267474	-6.2810512	510000	6
8	104	3	53.3333544	-6.2823576	650000	7
12	125	4	53.3115529	-6.3092591	525000	6
5	115	3	53.3823554	-6.1701028	590000	6
24	95	3	53.2831363	-6.4107292	260000	5
12	113	4	53.3180177	-6.3379008	395000	5
18	79	2	53.2776924	-6.2164468	399950	1
4	78	2	53.3315191	-6.2282866	495000	1
8	53	1	53.338898	-6.321499	195000	1
15	76	2	53.3952432	-6.4411456	225000	1
24	78	3	53.288661	-6.4156049	220000	5
7	102	4	53.3717491	-6.3174754	495000	6
4	85	3	53.3375748	-6.2297139	595000	7
18	113	2	53.2453332	-6.183119	450000	1
6	74	3	53.3215713	-6.2649406	450000	6
13	120	3	53.3875346	-6.1048396	825000	2
6	339	5	53.3125454	-6.2680746	2950000	6
15	96	3	53.3764669	-6.3121174	395000	7
9	90	3	53.3912806	-6.2403728	310000	6
14	72	2	53.2905058	-6.2733937	375000	7
14	166	3	53.2981218	-6.2246302	925000	3
9	61	1	53.4041122	-6.2600368	240000	1
24	105	3	53.2795601	-6.3610501	375000	6
6	184	3	53.3289876	-6.2593299	1095000	5
8	958	3	53.3335184	-6.2903039	475000	7
15	130	3	53.3798284	-6.3761547	520000	6
3	101	3	53.3668391	-6.2307643	480000	6
4	196	3	53.3365425	-6.2334036	1300000	7
15	120	3	53.3959957	-6.373284	329950	1
8	118	3	53.3334125	-6.2775156	725000	7
15	68	2	53.3789243	-6.3952037	265000	1
16	107	2	53.2729617	-6.317185	350000	1
12	130	3	53.305705	-6.3325618	450000	6
11	67	2	53.2812319	-6.2760302	250000	1
6	101	3	53.3119416	-6.2904921	455000	5
14	44	1	53.2968104	-6.2788874	275000	1
7	91	2	53.3679501	-6.2869045	350000	5
7	60	2	53.3513177	-6.2747306	295000	1
11	122	3	53.3912439	-6.2634302	395000	6
4	240	4	53.320914	-6.2276008	2100000	3
16	60	2	53.2887303	-6.2421006	395000	1
14	105	3	53.2807009	-6.2427837	650000	6
13	130	4	53.4004315	-6.151047	385000	7
18	127	3	53.2603723	-6.2195537	525000	5
7	35	2	53.3560618	-6.2728301	269000	6
9	82	3	53.3691884	-6.2544102	395000	7
8	52	2	53.3366761	-6.2858419	295000	7
6	101	3	53.3080748	-6.2850287	675000	7
3	89	2	53.3618	-6.2551326	330000	7
5	95	3	53.386243	-6.1663735	350000	6
24	93	3	53.2777153	-6.3929561	295000	5
14	117	3	53.297244	-6.2618399	575000	6
15	106	3	53.377274	-6.316215	345000	7
8	75	2	53.3305401	-6.2684988	550000	7
20	53	2	53.3487036	-6.3439511	235000	5
22	153	5	53.315322	-6.3864282	465000	6
4	59	2	53.3270878	-6.216834	445000	8
4	48	2	53.3433753	-6.2202771	380000	7
15	135	4	53.3760721	-6.3330636	495000	7
24	114	3	53.2990563	-6.3617042	370000	6
3	81	2	53.3566778	-6.235334	310000	7
7	46	2	53.3527913	-6.2911021	300000	7
66	130	4	53.2973793	-6.3139823	595000	6
12	78	2	53.331938	-6.3770368	210000	1
11	70	2	53.3804835	-6.2906337	230000	1
1	61	2	53.3525906	-6.2505868	285000	1
9	48	1	53.3691884	-6.2544102	310000	5
16	77	2	53.2866263	-6.23668	395000	1
9	206	5	53.3802778	-6.2369444	630000	6
14	63	2	53.2929118	-6.2803719	350000	1
12	74	2	53.3304256	-6.299334	299950	7
3	106	4	53.3623384	-6.2400933	400000	7
3	89	3	53.3618467	-6.2393283	350000	7
11	72	3	53.3905616	-6.2944374	345000	5
9	80	2	53.3664884	-6.2597886	575000	7
13	107	3	53.3929302	-6.1593159	365000	7
14	129	4	53.2883148	-6.3032441	785000	6
15	121	3	53.3724551	-6.4034794	330000	6
9	93	3	53.3943386	-6.265549	199000	7
24	95	3	53.2689175	-6.3295489	385000	7
6	122	2	53.3234563	-6.2505421	895000	7
11	139	4	53.4060895	-6.2973958	350000	4
14	136	4	53.2900366	-6.2190272	799000	3
6	152	5	53.3267474	-6.2810512	619950	6
5	84	2	53.3809352	-6.1903388	325000	7
8	96	2	53.3335216	-6.2775004	695000	7
1	50	2	53.360147	-6.2582758	279000	5
14	72	2	53.272445	-6.317998	275000	1
2	86	2	53.344003	-6.2341582	700000	1
9	95	3	53.388043	-6.244457	465000	6
4	117	3	53.3379928	-6.2237978	865000	5
16	107	3	53.2856706	-6.2487622	595000	6
10	61	2	53.3407977	-6.3500637	230000	7
3	100	3	53.3612593	-6.1978348	565000	7
5	105	3	53.3844747	-6.1717019	395000	4
3	82	3	53.3665072	-6.2598909	395000	7
12	109	4	53.3197743	-6.2907048	375000	6
66	149	4	53.3036738	-6.3172292	675000	6
4	201	5	53.3343136	-6.2435623	950000	7
6	105	3	53.3128064	-6.2971883	675000	6
18	161	4	53.2578155	-6.1993592	630000	5
14	60	2	53.3039373	-6.2459114	345000	6
12	92	3	53.3127181	-6.3126017	440000	7
8	41	1	53.3431182	-6.3283564	225000	7
4	405	5	53.3300887	-6.2388127	3500000	3
16	99	3	53.2866086	-6.2382576	585000	1
12	120	3	53.3068435	-6.3297927	550000	7
9	110	4	53.371776	-6.2529044	725000	6
16	105	4	53.2855079	-6.3096437	540000	3
17	87	3	53.4039338	-6.2087414	350000	6
66	172	4	53.3068214	-6.3114173	795000	7
6	42	1	53.3277181	-6.2477728	270000	1
18	110	3	53.2620008	-6.2043663	525000	6
18	124	3	53.2635444	-6.2185095	465000	7
4	75	2	53.3413376	-6.2326475	490000	7
6	1045	3	53.3128128	-6.2943927	598000	6
14	164	4	53.2949951	-6.2303529	730000	6
8	70	2	53.3305046	-6.2682104	560000	7
4	99	3	53.3380414	-6.2388819	545000	4
4	63	2	53.3127403	-6.2270921	465000	7
7	72	3	53.3540192	-6.2921482	335000	7
12	121	3	53.3150417	-6.297465	550000	6
12	74	3	53.3142328	-6.2996535	485000	2
13	104	3	53.4075815	-6.1720488	365000	5
9	140	4	53.3691884	-6.2544102	625000	5
16	99	3	53.2866086	-6.2382576	575000	1
8	46	1	53.338898	-6.321499	195000	1
22	80	3	53.3227235	-6.3783659	225000	7
7	75	2	53.3707292	-6.2972918	350000	5
15	92	2	53.4026249	-6.3914404	230000	1
7	152	5	53.3681444	-6.3186235	575000	6
7	77	2	53.3509449	-6.2860186	395000	7
16	84	2	53.2739667	-6.2538978	375000	1
14	91	3	53.3038493	-6.2845403	550000	6
22	65	3	53.3218117	-6.4052875	285000	2
22	80	3	53.3197069	-6.4141433	279000	6
15	161	4	53.3884048	-6.3826692	450000	6
6	135	4	53.303096	-6.2621914	895000	3
5	71	2	53.3819676	-6.2053405	290000	7
9	75	2	53.3874888	-6.2473118	299000	5
8	74	2	53.3382191	-6.3101878	295000	7
18	141	4	53.2781949	-6.1776847	765000	2
11	85	3	53.3878168	-6.2681223	350000	7
11	130	3	53.3683845	-6.267831	700000	7
14	121	3	53.2960132	-6.2396335	685000	6
24	96	3	53.2888598	-6.3635496	350000	1
7	67	2	53.356401	-6.2705281	420000	5
9	107	3	53.3952718	-6.253053	350000	6
2	70	2	53.3449793	-6.242809	475000	1
8	44	2	53.3437372	-6.2765562	260000	1
5	299	4	53.3740788	-6.199923	1300000	3
12	60	2	53.3311498	-6.2985481	285000	7
3	110	3	53.360241	-6.2407825	375000	7
7	102	3	53.3705567	-6.323507	485000	6
18	60	2	53.2500367	-6.1786733	269000	1
18	221	4	53.2701899	-6.1700578	1125000	3
12	76	2	53.3294256	-6.349202	400000	6
18	136	4	53.2755069	-6.1644907	650000	6
6	38	1	53.3274436	-6.2552825	285000	1
2	543	5	53.3344782	-6.2534872	3000000	7
18	235	5	53.2774256	-6.1678568	895000	6
4	279	4	53.3290973	-6.2123163	3500000	6
6	137	3	53.3086182	-6.2797271	950000	6
24	85	3	53.2917377	-6.3927289	270000	5
6	135	2	53.3268358	-6.2474813	1275000	7
24	125	3	53.288938	-6.3506055	380000	2
3	137	3	53.3661837	-6.22836	550000	7
15	96	3	53.3889952	-6.4241678	340000	6
6	76	3	53.3058215	-6.2636796	475000	5
1	74	2	53.3466154	-6.2652045	450000	1
12	72	2	53.3238595	-6.3205785	280000	7
13	146	3	53.3839411	-6.0670781	750000	5
18	145	3	53.2684116	-6.2441373	425000	4
3	75	2	53.3570548	-6.2375983	425000	7
12	56	2	53.3327028	-6.3257644	290000	5
8	118	3	53.3351913	-6.2699858	600000	5
5	82	3	53.3890055	-6.198767	360000	6
12	100	3	53.3128751	-6.3013087	550000	7
12	62	2	53.3275812	-6.3037719	270000	7
16	90	3	53.2807009	-6.2427837	545000	7
7	105	3	53.3574619	-6.2914336	480000	6
15	93	2	53.3674026	-6.361866	555000	1
24	86	3	53.2773687	-6.3444411	375000	6
6	174	4	53.3244759	-6.2782754	750000	5
5	118	3	53.3863803	-6.2023067	445000	6
24	89	3	53.2814597	-6.3317229	425000	6
14	75	3	53.291007	-6.2631052	395000	7
9	90	3	53.3939324	-6.2549319	245000	5
18	260	5	53.2655778	-6.1513912	1150000	3
15	125	4	53.3857375	-6.3879368	445000	6
3	456	9	53.3627422	-6.2108347	2750000	3
9	168	4	53.399178	-6.2296225	460000	3
5	98	4	53.3860559	-6.2161727	425000	6
15	98	3	53.3901982	-6.4252863	375000	3
5	111	4	53.3839287	-6.157767	490000	3
6	129	3	53.3208409	-6.2690378	915000	6
4	135	3	53.3318413	-6.2414512	995000	7
7	130	3	53.3576274	-6.2885309	695000	7
16	82	4	53.2739324	-6.2618346	495000	6
3	55	2	53.3546031	-6.2303271	290000	7
7	120	3	53.3674569	-6.2988594	450000	7
16	68	2	53.2798958	-6.3258773	360000	7
13	127	3	53.406204	-6.1726041	350000	5
11	82	3	53.3690275	-6.2795876	340000	7
24	103	3	53.2709299	-6.3748665	270000	7
13	136	3	53.3871284	-6.1404489	535000	5
14	63	2	53.2842769	-6.2967525	395000	1
3	47	1	53.3549576	-6.2357928	260000	1
8	80	2	53.3363159	-6.2710141	395000	7
6	154	4	53.3069881	-6.3209936	575000	6
3	101	4	53.353617	-6.2371745	370000	7
15	113	3	53.4018386	-6.4115692	325000	6
18	202	4	53.2625653	-6.1699526	850000	3
12	101	3	53.3340099	-6.325002	345000	7
66	90	3	53.3186011	-6.2888335	399950	7
2	90	3	53.3464976	-6.2479348	450000	7
14	58	2	53.2937469	-6.2798648	385000	7
24	100	3	53.2869237	-6.3832331	249000	7
8	36	2	53.3411749	-6.3061364	120000	5
14	132	4	53.3016206	-6.2613271	735000	6
7	56	2	53.3583008	-6.2524133	310000	8
14	85	2	53.3011636	-6.2449132	485000	5
6	84	3	53.3129477	-6.2804637	595000	7
4	93	2	53.3228514	-6.2348604	850000	3
15	107	3	53.3744008	-6.3947101	475000	6
3	60	2	53.3541642	-6.2348758	295000	7
15	274	4	53.3438812	-6.4528098	975000	6
1	90	2	53.3498134	-6.2446272	375000	1
4	120	3	53.3328993	-6.2914058	865000	4
13	70	2	53.4020648	-6.1400624	350000	1
12	55	2	53.3157965	-6.3101482	275000	1
14	118	3	53.2908253	-6.2514691	695000	6
16	101	3	53.2733444	-6.3143767	475000	7
15	79	2	53.376398	-6.4018562	280000	1
22	92	3	53.3244965	-6.3797584	280000	7
24	144	3	53.2700459	-6.3415907	445000	6
8	42	1	53.3414811	-6.2987634	225000	1
18	101	3	53.2264453	-6.1220697	485000	6
3	54	2	53.37487	-6.2146347	310000	7
6	58	2	53.3267474	-6.2810512	425000	7
6	43	1	53.3117562	-6.2724124	265000	1
3	95	3	53.3733124	-6.2560322	675000	5
15	121	3	53.3997703	-6.4112282	385000	6
12	75	3	53.3189451	-6.2977539	349950	7
66	312	5	53.3075779	-6.2937342	1900000	6
15	113	4	53.3736415	-6.3830433	525000	6
1	64	2	53.3542318	-6.2569876	350000	1
11	136	3	53.3772552	-6.2741487	725000	6
6	100	3	53.3089267	-6.3121592	410000	4
4	54	1	53.3385555	-6.2347141	350000	1
8	75	2	53.3304414	-6.2676054	450000	7
22	75	3	53.3377	-6.4040737	260000	5
2	69	2	53.3451256	-6.2366184	425000	1
66	188	3	53.3021778	-6.3091748	895000	3
7	110	3	53.3601154	-6.2699366	485000	7
22	90	3	53.3152862	-6.3957723	265000	7
6	287	5	53.3073343	-6.2760379	2100000	3
24	145	4	53.2770598	-6.3401734	495000	6
11	108	3	53.3888358	-6.2766757	425000	6
5	119	4	53.3857909	-6.1460983	595000	2
5	95	3	53.3845484	-6.2107255	395000	6
6	105	3	53.326559	-6.2747435	440000	7
7	80	3	53.3627368	-6.2784592	550000	7
9	167	5	53.40077	-6.2369115	495000	6
4	191	5	53.3258769	-6.2166525	895000	5
14	108	3	53.2835365	-6.2476649	525000	6
18	253	6	53.251062	-6.2080721	895000	3
12	109	3	53.3275812	-6.3037719	325000	5
13	62	2	53.4045882	-6.1759617	245000	1
14	140	4	53.29541	-6.25852	645000	7
13	161	4	53.3861095	-6.0969754	975000	3
4	102	3	53.3256677	-6.2209039	825000	2
8	76	2	53.341085	-6.3017277	295000	1
18	158	4	53.2686132	-6.2458156	479950	4
16	127	4	53.2789524	-6.2393206	695000	6
7	67	2	53.3701271	-6.2943461	350000	5
12	121	3	53.3076986	-6.3397175	395000	5
11	120	4	53.3927535	-6.2813352	480000	3
5	95	3	53.3873912	-6.2212781	365000	6
4	53	1	53.332415	-6.2425759	265000	1
14	147	4	53.2876709	-6.3035501	600000	6
4	93	2	53.3151442	-6.2326556	585000	7
3	113	3	53.3760586	-6.2266379	495000	7
9	122	4	53.3719167	-6.2662516	495000	6
15	106	3	53.4102465	-6.4392594	375000	6
3	73	3	53.3753863	-6.2128591	325000	6
14	104	4	53.3017761	-6.2778296	725000	6
1	41	1	53.3606737	-6.2618653	225000	1
15	78	2	53.394667	-6.3705176	235000	1
16	135	4	53.2813468	-6.2768998	635000	6
5	117	3	53.3725659	-6.1997582	640000	5
14	80	3	53.2822876	-6.2640919	425000	6
8	41	1	53.3384744	-6.2737541	280000	1
15	70	2	53.3776752	-6.3253999	289950	1
6	193	4	53.3130436	-6.281866	1100000	7
15	120	3	53.4017315	-6.3821518	295000	6
4	255	4	53.3281288	-6.2431568	1950000	5
14	89	2	53.2845812	-6.2458215	495000	2
12	84	3	53.3295227	-6.3243606	320000	5
6	178	3	53.3156372	-6.2813712	950000	7
66	189	4	53.3155849	-6.2814284	950000	7
3	92	3	53.3723259	-6.2368304	550000	6
8	86	3	53.3325704	-6.2884938	495000	7
8	100	2	53.3399246	-6.2677826	545000	1
5	76	3	53.3738817	-6.2094778	385000	5
18	108	2	53.262479	-6.223733	310000	4
9	137	4	53.3691884	-6.2544102	675000	6
16	114	3	53.2981864	-6.2856597	575000	6
4	66	2	53.3396762	-6.2336273	425000	5
7	62	2	53.3585645	-6.2760893	385000	7
20	48	2	53.349034	-6.3444007	199950	7
14	140	5	53.2905584	-6.2239756	845000	3
6	84	2	53.3084653	-6.2695361	615000	1
14	102	3	53.2990275	-6.2881262	525000	1
7	53	2	53.3603805	-6.26234	275000	7
16	126	3	53.2751961	-6.2465793	595000	6
6	182	5	53.3144108	-6.2658133	1275000	7
11	74	2	53.3936652	-6.2825521	325000	6
16	102	3	53.2733566	-6.3243017	450000	6
3	188	4	53.3770987	-6.2581229	930000	6
9	82	3	53.3818972	-6.235661	395000	6
12	71	3	53.3329231	-6.3154313	320000	7
10	6	2	53.3381068	-6.3473891	225000	7
12	75	2	53.3196779	-6.3043998	299950	7
66	107	3	53.3135058	-6.29732	595000	6
11	79	2	53.3927535	-6.2813352	325000	3
11	79	2	53.3927535	-6.2813352	325000	2
11	91	3	53.3890667	-6.2826827	335000	7
14	137	4	53.2989024	-6.2847386	495000	4
24	92	3	53.2757801	-6.3663865	349000	6
24	92	3	53.2757801	-6.3663865	349000	6
8	72	2	53.3406829	-6.2688477	450000	1
66	222	4	53.3021684	-6.3025399	1195000	6
18	124	4	53.2670297	-6.1842485	675000	6
5	95	3	53.3901941	-6.18094	350000	6
8	79	2	53.33327	-6.2784053	640000	7
6	37	2	53.3284166	-6.2749376	355000	7
5	91	3	53.3824515	-6.1902153	285000	5
3	110	3	53.367651	-6.1967169	655000	6
18	64	2	53.2504298	-6.1439227	275000	1
5	81	2	53.3768446	-6.1627063	400000	7
2	81	2	53.344003	-6.2341582	690000	1
24	147	3	53.2974792	-6.3822814	390000	3
14	187	4	53.2946359	-6.298132	795000	3
16	80	2	53.2739667	-6.2538978	380000	1
8	92	2	53.3338173	-6.2693876	675000	7
18	248	3	53.2667203	-6.1841761	1750000	1
8	77	2	53.3303016	-6.2681977	575000	7
13	117	3	53.3934973	-6.1301968	400000	5
8	80	3	53.3355714	-6.2801914	425000	5
18	80	3	53.2395925	-6.1218234	385000	7
3	227	4	53.3651783	-6.2147827	1200000	7
2	90	3	53.3319689	-6.2543591	725000	8
15	87	3	53.3784473	-6.3599828	495000	6
15	135	4	53.3896986	-6.4432806	475000	3
12	56	2	53.3275812	-6.3037719	230000	7
66	297	4	53.3021039	-6.3027048	1400000	3
6	71	2	53.3113175	-6.2717959	695000	2
6	306	4	53.3224215	-6.2652852	3100000	7
11	90	3	53.3831741	-6.3151499	189950	7
1	58	3	53.3603283	-6.258982	260000	7
8	104	2	53.3344834	-6.2726787	695000	7
9	90	3	53.3816671	-6.2373304	425000	6
2	149	3	53.3318906	-6.2545206	1100000	5
11	80	3	53.3894676	-6.2979182	235000	7
66	98	3	53.3178262	-6.2843339	760000	6
2	61	2	53.3407772	-6.2426624	390000	7
9	241	5	53.3660541	-6.2680823	1495000	6
11	117	3	53.4011118	-6.2951171	269950	4
8	106	3	53.3365396	-6.3030074	395000	7
66	104	3	53.3024581	-6.3314409	495000	6
6	226	3	53.314454	-6.2426873	1350000	6
5	122	3	53.38434	-6.1613369	390000	6
4	50	2	53.3409846	-6.234508	450000	7
13	60	2	53.3993767	-6.1465473	250000	1
6	77	2	53.2987004	-6.2803537	450000	1
22	125	3	53.3125684	-6.3987449	349950	6
15	115	3	53.3870143	-6.377285	250000	4
11	62	2	53.3873535	-6.2695	265000	1
3	55	2	53.3604713	-6.2415464	280000	7
14	90	3	53.2890042	-6.2612592	369000	7
6	270	6	53.3174439	-6.2767878	1450000	6
1	160	4	53.3531757	-6.2494512	415000	5
5	132	3	53.3782593	-6.1691397	595000	6
7	105	3	53.3650891	-6.2781869	720000	7
2	48	1	53.345754	-6.254933	295000	1
24	117	3	53.2835577	-6.3389853	390000	6
14	92	3	53.2747737	-6.304137	425000	7
14	168	5	53.293727	-6.3043967	780000	6
4	102	2	53.327747	-6.2394308	795000	7
13	176	5	53.3898214	-6.1200714	850000	3
15	106	3	53.3728525	-6.3876614	425000	6
18	138	3	53.2566735	-6.1498759	545000	4
15	78	2	53.3724586	-6.3606521	440000	2
3	95	3	53.3564139	-6.2334078	370000	5
15	143	4	53.3806339	-6.3922467	465000	6
15	143	4	53.3806339	-6.3922467	465000	6
1	75	2	53.3493118	-6.2423579	385000	1
24	105	3	53.2709235	-6.3742554	285000	6
4	225	5	53.3181309	-6.2354326	1695000	7
6	260	4	53.3131436	-6.2704868	1450000	7
9	85	3	53.3680802	-6.2595563	350000	6
17	100	4	53.4012193	-6.2058962	295000	7
8	88	2	53.3351906	-6.2926884	425000	7
1	65	2	53.3540612	-6.2484982	295000	7
4	70	1	53.3403384	-6.2348947	425000	7
16	132	4	53.2718807	-6.3287941	420000	3
11	85	3	53.3865823	-6.3173513	225000	7
14	245	5	53.2954342	-6.2234758	1375000	6
18	95	3	53.2310665	-6.1254202	549000	6
4	115	2	54.136836	-0.797897	850000	1
9	87	2	53.3691884	-6.2544102	545000	7
22	67	2	53.3196623	-6.3817133	235000	1
20	49	2	53.3513762	-6.3462178	275000	1
9	68	3	53.372776	-6.2598278	375000	5
16	173	5	53.2767907	-6.3182484	775000	3
7	72	2	53.3509569	-6.2893045	395000	7
15	123	4	53.3864715	-6.4226703	380000	6
3	180	5	53.3587173	-6.24762	450000	7
8	85	3	53.3393584	-6.318612	325000	7
9	94	3	53.3911407	-6.2295188	375000	7
24	117	4	53.300967	-6.3774106	390000	6
6	205	4	53.3260812	-6.2501344	1700000	7
15	180	7	53.4005836	-6.3690357	420000	6
9	120	4	53.3642113	-6.267022	495000	7
16	99	3	53.2729919	-6.3246406	450000	6
24	50	1	53.2752006	-6.4123312	190000	1
5	88	3	53.3850495	-6.1903478	425000	6
18	90	3	53.261027	-6.2095869	465000	5
15	170	5	53.3714402	-6.3663366	850000	3
24	90	3	53.2712342	-6.3521663	350000	5
9	85	2	53.371776	-6.2529044	335000	7
7	67	2	53.3586624	-6.2757339	450000	5
8	60	2	53.3342368	-6.2758875	295000	1
2	199	3	53.3357818	-6.2541413	1800000	8
5	102	3	53.3823576	-6.2063723	490000	6
13	80	3	53.3936003	-6.1324312	430000	5
8	89	3	53.3364877	-6.3029909	425000	7
18	210	5	53.2510926	-6.1400035	750000	2
12	81	3	53.320755	-6.3367254	350000	7
16	157	3	53.2756772	-6.3309035	575000	6
6	242	5	53.3121222	-6.2785104	1350000	7
6	210	5	53.3207538	-6.2576786	1195000	3
3	144	4	53.3674245	-6.2404887	565000	3
6	167	4	53.3158908	-6.2660336	825000	5
5	90	3	53.3819676	-6.2053405	330000	6
15	94	3	53.3928544	-6.414874	300000	6
22	120	3	53.3160747	-6.3946878	435000	6
22	95	3	53.3187312	-6.4014614	390000	6
5	84	3	53.3787604	-6.1747833	425000	7
9	129	3	53.3621006	-6.260656	525000	5
18	69	2	53.2784821	-6.2164553	335000	1
2	40	1	53.3451256	-6.2366184	350000	1
24	54	2	53.2853886	-6.3775973	179000	1
14	108	3	53.2950732	-6.2857084	550000	6
8	78	2	53.3418042	-6.2697852	465000	1
3	112	4	53.365906	-6.1795002	850000	6
11	76	3	53.3828556	-6.2810851	325000	7
4	87	3	53.3422252	-6.2360342	625000	1
6	55	2	53.3287291	-6.2616381	525000	7
24	111	3	53.2835653	-6.3895666	349950	5
66	109	3	53.3028567	-6.3278504	499000	6
66	110	3	53.3016303	-6.3238549	450000	6
15	92	3	53.3781253	-6.3598352	495000	6
8	83	2	53.3423374	-6.3094157	395000	1
9	176	4	53.3783037	-6.2619003	975000	6
15	116	3	53.3989138	-6.4284779	369000	7
3	79	3	53.3668386	-6.2372113	395000	7
4	228	5	53.3211975	-6.2349276	1600000	6
6	237	4	53.3151318	-6.2767753	1425000	7
5	83	3	53.4005278	-6.2031347	275000	7
11	150	4	53.3686685	-6.2640148	795000	6
6	352	4	53.3281754	-6.2511922	3950000	5
9	98	3	53.3915851	-6.2409011	440000	6
12	94	3	53.3108789	-6.3399843	350000	7
6	446	5	53.321258	-6.2470679	4500000	6
3	136	4	53.3646384	-6.1864811	895000	3
5	87	3	53.3779168	-6.2000931	440000	7
15	197	5	53.4341007	-6.3781898	460000	6
15	91	2	53.3740682	-6.4067539	280000	4
7	140	5	53.3706324	-6.3249595	575000	6
11	116	3	53.3895151	-6.2806502	449000	6
11	81	3	53.3990135	-6.2707749	225000	7
11	159	3	53.3899677	-6.2682745	495000	6
2	68	2	53.331258	-6.261051	450000	1
11	93	3	53.4010168	-6.3053161	250000	7
6	120	4	53.3224215	-6.2652852	1175000	3
66	240	5	53.3059471	-6.2863768	1500000	6
22	91	3	53.3207371	-6.3775681	299950	6
66	119	3	53.2997962	-6.3191307	525000	6
24	86	3	53.2758222	-6.3789154	199950	7
14	85	3	53.2934226	-6.2617285	450000	7
5	137	3	53.3752965	-6.181283	575000	7
16	80	2	53.2772425	-6.2509932	375000	1
12	59	2	53.3275812	-6.3037719	275000	6
18	118	2	53.2452717	-6.183167	445000	1
24	72	2	53.27035	-6.3771	199950	1
4	73	2	53.3331182	-6.2479228	395000	1
6	240	5	53.3224215	-6.2652852	1625000	6
3	91	3	53.3683	-6.2333486	420000	7
2	205	3	53.3436139	-6.2415305	1100000	7
6	81	2	53.3127616	-6.249419	545000	1
6	185	4	53.3173296	-6.2778377	1275000	7
8	56	2	53.3339444	-6.2750833	350000	1
24	92	3	53.2827347	-6.3506446	310000	7
5	80	2	53.3766795	-6.1620277	395000	7
24	86	3	53.2964405	-6.3461424	299950	7
12	63	2	53.3170633	-6.3352243	330000	6
1	67	2	53.3525906	-6.2505868	345000	1
16	130	4	53.2858305	-6.2503454	795000	3
24	74	2	53.2853933	-6.3776031	215000	1
11	76	3	53.3910593	-6.29501	230000	7
8	73	3	53.3388994	-6.3137688	375000	7
3	93	3	53.3551637	-6.2355683	360000	7
4	144	5	53.3338693	-6.2347175	1150000	6
9	100	2	53.3886127	-6.2521893	345000	7
4	103	3	53.333569	-6.2125161	875000	5
24	90	3	53.3076706	-6.3661878	349000	6
9	190	4	53.3825892	-6.2454171	675000	6
12	80	2	53.3343253	-6.3051226	330000	7
7	261	3	53.359251	-6.2599869	795000	7
13	155	4	53.3897774	-6.1087369	650000	3
14	118	3	53.2962221	-6.2258484	800000	1
18	71	2	53.2601499	-6.2178761	285000	4
66	61	2	53.3280749	-6.2774077	295000	1
9	93	2	53.3712864	-6.2502319	535000	7
12	72	3	53.3173272	-6.3289132	380000	2
17	109	4	53.3995536	-6.1926624	195000	7
24	100	3	53.2713799	-6.3698797	265000	7
17	128	3	53.4023191	-6.2135956	380000	6
5	69	3	53.3857271	-6.1599767	320000	7
8	62	2	53.3373915	-6.3042515	375000	7
12	121	3	53.3099366	-6.3322638	410000	5
9	98	3	53.3828631	-6.2461224	390000	7
24	85	3	53.2933911	-6.3869273	300000	6
18	111	3	53.2680456	-6.1446541	625000	6
14	80	3	53.2826674	-6.2635242	495000	3
11	60	2	53.4007995	-6.293636	195000	1
6	220	4	53.3266284	-6.2597014	1250000	7
8	39	1	53.3370582	-6.2956469	285000	7
14	112	3	53.3032815	-6.2244451	635000	6
15	60	2	53.4102465	-6.4392594	225000	1
22	59	2	53.3458031	-6.3991984	175000	1
8	152	4	53.3354819	-6.294909	450000	7
7	106	3	53.3599941	-6.2618483	380000	5
14	72	3	53.2893243	-6.2590045	450000	6
12	72	3	53.3173248	-6.3287389	450000	3
3	98	3	53.3623387	-6.2581043	550000	7
20	136	4	53.3505641	-6.3706346	375000	5
14	78	2	53.289502	-6.2718793	398000	5
22	102	3	53.3120849	-6.4026181	325000	7
9	113	3	53.3897946	-6.2428556	365000	6
2	59	2	53.3457034	-6.2550442	375000	1
7	61	2	53.35661	-6.2659554	280000	1
4	63	2	53.3405071	-6.2262763	385000	1
5	96	3	53.3875666	-6.2227907	370000	6
2	245	4	53.3461	-6.2616965	945000	4
16	150	4	53.2751369	-6.2518442	525000	5
22	153	4	53.3090557	-6.4060971	449950	6
15	67	2	53.3966588	-6.4387904	205000	1
13	188	4	53.4062259	-6.1717192	450000	5
5	80	2	53.3874757	-6.2009035	300000	7
24	101	3	53.2739387	-6.3340299	389000	6
12	145	3	53.315184	-6.3154926	660000	6
22	82	3	53.327872	-6.4217218	259950	5
3	86	3	53.3633072	-6.2483973	475000	7
6	62	2	53.3151802	-6.2730636	525000	7
8	108	4	53.3341474	-6.27869	650000	5
7	100	3	53.3631514	-6.304984	470000	6
18	113	3	53.2630386	-6.2064347	540000	6
14	205	4	53.2913495	-6.2454413	1150000	6
3	208	5	53.3641257	-6.2185266	1100000	7
9	191	4	53.371776	-6.2529044	825000	7
4	102	2	53.3344316	-6.2332949	875000	5
4	249	3	53.3361959	-6.2203205	1300000	7
8	42	2	53.3436775	-6.3286298	225000	7
14	108	3	53.2905397	-6.2984258	625000	6
12	94	3	53.3293021	-6.3020966	325000	7
9	67	3	53.3741315	-6.2588461	350000	7
6	323	5	53.3129461	-6.258108	2195000	6
8	57	2	53.3347292	-6.290106	335000	7
14	56	2	53.2916633	-6.2903042	450000	2
17	98	3	53.399003	-6.2136192	345000	6
8	49	2	53.3411665	-6.3031697	335000	7
18	160	4	53.2688362	-6.1605743	730000	3
16	94	4	53.2793728	-6.2672771	545000	6
4	43	1	53.3247831	-6.2077502	325000	1
5	114	3	53.3929254	-6.2136719	395000	6
3	121	4	53.3700194	-6.195988	770000	6
22	76	3	53.3234516	-6.4213288	265000	7
9	143	3	53.4009099	-6.2305486	425000	6
15	91	3	53.3738351	-6.4069565	350000	5
3	80	2	53.3558058	-6.2319767	325000	7
18	100	4	53.2627024	-6.223267	485000	7
11	145	3	53.3661758	-6.2624504	625000	7
6	176	4	53.3122708	-6.2865199	795000	7
16	97	3	53.2708772	-6.3306037	405000	3
16	176	4	53.2824208	-6.3154034	675000	3
1	65	2	53.3498134	-6.2446272	355000	1
15	105	3	53.3870142	-6.3919611	370000	6
20	62	2	53.3433929	-6.3384955	225000	1
24	70	2	53.2862932	-6.375471	250000	1
4	34	1	53.3411826	-6.2254554	235000	1
4	31	1	53.3411826	-6.2254554	240000	1
24	90	3	53.2729664	-6.3680809	319000	6
15	176	5	53.3689215	-6.3577066	1150000	3
3	116	3	53.3748786	-6.2469759	675000	7
16	73	2	53.2702038	-6.3287835	285000	4
2	43	1	53.3442985	-6.2488871	250000	1
15	116	3	53.385679	-6.374582	295000	4
14	82	3	53.3025987	-6.2853513	550000	6
22	55	1	53.3370625	-6.378879	150000	1
24	91	3	53.2693108	-6.369902	295000	5
2	468	4	53.3382419	-6.2477227	2650000	5
4	65	2	53.3206548	-6.2078872	470000	7
4	42	2	53.3435596	-6.2267154	340000	5
24	98	3	53.284722	-6.3882843	325000	5
6	157	4	53.3092955	-6.2572248	1100000	6
4	73	2	53.3398212	-6.2326497	475000	7
12	77	3	53.3128266	-6.3322575	395000	5
1	92	3	53.3580881	-6.2541859	395000	7
13	100	4	53.3935888	-6.1897673	425000	6
16	84	2	53.2881195	-6.2458197	375000	1
22	109	3	53.3186765	-6.3872805	350000	6
7	128	3	53.3613324	-6.3037949	450000	6
15	108	4	53.3826175	-6.4162744	399000	6
9	90	4	53.3973758	-6.2731443	230000	7
9	116	4	53.3840589	-6.2498348	475000	3
2	70	2	53.3493534	-6.242606	350000	1
7	72	2	53.3548173	-6.292259	420000	7
11	178	3	53.3660768	-6.2625285	775000	7
9	94	5	53.3988768	-6.2705522	229000	6
11	77	4	53.3916111	-6.2969404	370000	2
11	77	4	53.3916111	-6.2969404	370000	6
5	119	3	53.3753861	-6.2040457	699000	3
12	123	3	53.3118104	-6.3250482	385000	5
9	116	4	53.3904063	-6.256751	450000	6
11	144	4	53.406434	-6.2908779	335000	7
10	63	2	53.3369993	-6.3817887	179950	1
8	90	2	53.3348376	-6.2776797	500000	5
4	178	3	53.3374689	-6.2357855	975000	7
6	58	2	53.3245381	-6.2622429	495000	5
7	60	2	53.3504138	-6.2780647	275000	1
4	288	4	53.3297451	-6.2420588	2750000	7
66	131	3	53.3017886	-6.2965723	595000	1
12	81	2	53.3275812	-6.3037719	320000	5
3	140	4	53.3648658	-6.2046006	695000	6
11	48	1	53.4045062	-6.286146	165000	1
14	96	3	53.2913495	-6.2454413	725000	7
6	109	2	53.3139984	-6.2504575	675000	1
18	68	2	53.2613316	-6.2245135	295000	1
3	75	2	53.355603	-6.2385773	360000	7
3	80	3	53.380501	-6.2329408	405000	6
4	108	3	53.3383085	-6.2278468	675000	7
14	145	3	53.2988628	-6.2623823	725000	6
8	152	5	53.333968	-6.2720639	725000	7
17	107	3	53.402357	-6.2130142	380000	6
4	136	4	53.3172706	-6.2207554	1375000	6
8	140	4	53.3318258	-6.2719761	695000	5
6	51	1	53.312273	-6.2491832	365000	1
13	70	2	53.4067	-6.1709634	269950	1
13	94	3	53.3989668	-6.1705144	375000	6
9	75	2	53.3857234	-6.2488073	350000	7
6	304	5	53.3190947	-6.2712937	1100000	7
17	110	4	53.3973409	-6.1989161	375000	7
24	92	3	53.2744916	-6.3333077	385000	6
8	64	2	53.3379202	-6.3046884	350000	7
5	77	2	53.3729306	-6.2029231	595000	2
9	152	5	53.3802778	-6.2369444	500000	6
7	98	3	53.3709187	-6.3033161	324950	7
8	140	3	53.3390724	-6.3061488	795000	3
18	110	3	53.226494	-6.1265227	545000	3
66	124	4	53.3120739	-6.282313	575000	7
15	76	2	53.3809586	-6.4028497	225000	1
4	198	3	53.3257714	-6.2170435	1150000	5
4	38	1	53.3324643	-6.2425468	250000	1
3	102	3	53.3676496	-6.2310941	395000	7
13	70	2	53.3801118	-6.0605789	380000	1
6	256	5	53.3017886	-6.2965723	1250000	3
6	90	3	53.3285042	-6.2597781	650000	6
12	102	4	53.3168701	-6.3321957	450000	5
8	46	2	53.3393152	-6.2728018	295000	1
6	69	2	53.3071911	-6.2807918	395000	1
24	80	2	53.2722893	-6.3834501	315000	7
8	50	3	53.3360986	-6.2856575	325000	7
18	99	3	53.2762866	-6.1707217	595000	7
5	120	3	53.3863861	-6.16456	420000	6
14	120	4	53.3004978	-6.2838544	525000	6
2	68	2	53.3393362	-6.2436839	400000	1
7	60	2	53.3584617	-6.2759285	325000	7
6	91	2	53.3268164	-6.2738083	565000	7
8	75	3	53.3415678	-6.2800736	325000	7
4	35	1	53.3263013	-6.2441204	297500	1
8	54	2	53.3423029	-6.2794926	285000	1
15	1140	5	53.3712684	-6.4034733	2495000	3
8	100	3	53.3364411	-6.2891859	445000	6
18	130	3	53.2693198	-6.222674	685000	6
1	85	3	53.3550021	-6.2561705	435000	7
4	109	3	53.3410434	-6.2149083	559950	7
4	95	2	53.3245869	-6.2233502	850000	1
9	93	3	53.3902052	-6.2406488	400000	6
9	105	3	53.3944473	-6.2445829	350000	6
15	70	2	53.3961187	-6.4246534	260000	7
6	63	2	53.3118333	-6.2769177	375000	1
8	60	2	53.3369909	-6.3298449	295000	7
15	100	3	53.4198454	-6.3829136	295000	6
18	79	2	53.2694538	-6.2447925	295000	1
3	133	5	53.3588286	-6.2478157	450000	5
7	67	2	53.3614409	-6.2719542	330000	4
14	123	4	53.2716161	-6.3154504	520000	6
14	170	5	53.292737	-6.2432347	875000	6
8	60	2	53.3390313	-6.3196543	240000	1
7	48	2	53.3570053	-6.2509896	238000	7
6	84	3	53.3119124	-6.2789455	625000	5
6	265	4	53.3166079	-6.2396355	1700000	5
6	121	4	53.3049243	-6.3077509	520000	6
6	175	4	53.30763	-6.279262	1095000	6
11	98	3	53.3657029	-6.2734407	475000	7
8	76	2	53.3388279	-6.3051581	345000	1
16	155	4	53.2814909	-6.2512922	650000	6
18	50	1	53.2768805	-6.2169303	275000	1
1	67	2	53.3494306	-6.2386257	395000	1
18	105	3	53.2468969	-6.1824043	550000	5
15	90	2	53.3955811	-6.3717246	260000	4
7	71	3	53.3658732	-6.2863703	350000	7
18	50	1	53.276225	-6.2207062	295000	1
16	95	3	53.2763362	-6.2524816	425000	1
7	76	3	53.3680802	-6.2897917	345000	7
10	80	2	53.337493	-6.3815498	219950	1
9	82	2	53.3774656	-6.2246736	329000	6
24	56	2	53.2702396	-6.3714219	225000	1
12	79	3	53.3166958	-6.2928912	395000	6
6	142	4	53.3234563	-6.2505421	1395000	6
7	101	2	53.3619275	-6.2808057	450000	5
5	240	4	53.3811226	-6.1546535	1200000	6
3	110	4	53.3693388	-6.2334275	575000	5
2	60	2	53.3405521	-6.2425069	395000	7
14	91	3	53.2898445	-6.2744072	395000	7
24	98	3	53.2711086	-6.3700938	279000	5
5	98	3	53.3771711	-6.1837426	450000	7
12	96	3	53.3275812	-6.3037719	375000	7
15	64	2	53.3993929	-6.436471	225000	1
9	80	3	53.3896324	-6.2619449	345000	6
7	100	3	53.3504138	-6.2780647	475000	1
5	101	3	53.3937177	-6.2252367	295000	5
12	75	2	53.3257735	-6.3025417	225000	7
14	94	3	53.3038392	-6.2755102	625000	6
4	135	3	53.3401471	-6.2242839	775000	7
9	74	3	53.3734212	-6.261381	350000	5
6	320	5	53.3130382	-6.2690253	2395000	3
9	185	4	53.3676087	-6.259398	850000	7
6	253	4	53.3174211	-6.2733754	1350000	5
18	112	4	53.2274368	-6.126188	560000	7
24	89	3	53.2957385	-6.3461197	270000	6
16	131	3	53.2754109	-6.2822343	650000	2
5	87	2	53.3750391	-6.1945096	550000	1
16	122	3	53.2765991	-6.2534592	495000	6
7	74	2	53.3681777	-6.2897744	335000	7
6	164	3	53.3203882	-6.2536872	1295000	5
6	188	4	53.307198	-6.307095	780000	6
3	52	1	53.3633941	-6.2417744	230000	1
12	116	3	53.3176657	-6.3130398	425000	6
2	412	5	53.3349871	-6.2459531	1950000	7
13	154	4	53.4090112	-6.170196	475000	6
6	205	4	53.314938	-6.2780597	1395000	7
16	97	2	53.2700341	-6.3319351	290000	4
3	111	3	53.368131	-6.2516115	650000	7
7	80	2	53.3571236	-6.2672444	315000	7
24	86	2	53.2878803	-6.3667143	240000	1
6	40	2	53.3283709	-6.2742828	334950	7
14	124	3	53.2845707	-6.226474	675000	7
7	67	2	53.3653972	-6.2862375	295000	7
9	87	3	53.3886151	-6.2632712	375000	6
7	125	4	53.3576512	-6.2916157	525000	5
6	209	5	53.3072196	-6.2883754	1250000	6
20	90	2	53.3490448	-6.3483586	475000	6
11	104	3	53.3889409	-6.2727203	575000	3
6	69	3	53.3152858	-6.2940637	425000	7
6	134	4	53.3157817	-6.2918816	625000	6
4	167	3	53.3193686	-6.2199725	1950000	7
14	111	3	53.2948252	-6.2554454	435000	7
4	39	1	53.3324643	-6.2425468	270000	1
13	59	2	53.4015768	-6.1524247	230000	1
24	92	3	53.2997394	-6.3572972	325000	6
8	85	3	53.3400251	-6.3184656	295000	5
8	78	2	53.3419054	-6.3005565	365000	1
15	173	4	53.4334629	-6.3755613	425000	3
6	98	3	53.3267474	-6.2810512	475000	7
4	45	1	53.3315212	-6.2223434	325000	1
1	83	2	53.3490556	-6.2447174	425000	1
5	88	3	53.3882315	-6.199216	320000	7
15	124	4	53.3726115	-6.3420785	690000	6
24	120	4	53.3009554	-6.3759365	260000	7
15	128	4	53.3834017	-6.3844978	470000	6
6	70	3	53.3239977	-6.2616839	475000	7
6	305	6	53.3201451	-6.2737929	1650000	7
66	98	3	53.3166317	-6.291626	395000	7
6	108	2	53.3129663	-6.2801793	675000	7
9	72	2	53.371195	-6.2599779	350000	7
15	75	2	53.3715802	-6.3470645	230000	4
15	119	3	53.3769777	-6.314235	445000	5
16	92	3	53.2760523	-6.2994111	450000	6
15	118	3	53.4010365	-6.3968253	299000	6
5	98	3	53.3769315	-6.2091851	460000	6
2	85	2	53.3363651	-6.2554379	550000	1
3	222	5	53.3730891	-6.2492558	1200000	3
8	89	1	53.338749	-6.3063909	330000	8
7	125	3	53.2644157	-6.166342	550000	5
24	91	3	53.3082754	-6.3664646	345000	6
6	115	3	53.313133	-6.2937118	575000	6
15	142	3	53.3726176	-6.40381	390000	7
1	46	1	53.3525199	-6.2428292	199000	7
6	181	4	53.3150079	-6.2822702	895000	5
5	101	3	53.3758735	-6.1741429	595000	7
4	227	6	53.3294922	-6.2444271	1350000	7
4	360	6	53.3286548	-6.2411089	3000000	5
9	60	2	53.3876615	-6.2495021	345000	7
11	70	2	53.3817894	-6.2897619	225000	1
12	68	2	53.3275812	-6.3037719	315000	6
4	150	3	53.3349246	-6.2222188	1100000	6
12	80	2	53.3194357	-6.3362208	310000	5
11	74	3	53.3987625	-6.3124362	270000	6
15	77	2	53.3947597	-6.3739088	249000	4
18	121	4	53.2672273	-6.2103816	595000	6
15	115	3	53.3734799	-6.3704863	650000	2
15	94	2	53.3936551	-6.3733514	285000	4
5	79	4	53.393066	-6.226321	295000	7
3	88	3	53.3669082	-6.2606734	590000	7
8	94	2	53.3345485	-6.2776106	550000	5
12	78	2	53.3275812	-6.3037719	335000	5
11	79	2	53.3869225	-6.2955871	249950	5
18	154	4	53.275813	-6.1760986	699000	6
9	171	3	53.3676864	-6.2597542	825000	5
13	82	2	53.4014531	-6.1428492	259950	4
11	125	3	53.3912341	-6.2809617	425000	6
17	85	3	53.4011017	-6.1989449	250000	7
22	88	3	53.3208698	-6.3728569	315000	6
6	123	3	53.3193397	-6.2642868	1050000	5
3	85	3	53.36066	-6.2442871	425000	5
9	85	2	53.3843115	-6.2477479	345000	7
4	66	2	53.3244947	-6.2366415	525000	7
24	101	3	53.2715141	-6.3292199	399000	3
7	35	2	53.353179	-6.2823349	270000	7
6	72	2	53.327295	-6.2536888	630000	6
14	79	2	53.3004784	-6.251716	525000	7
11	56	2	53.3929313	-6.3002773	220000	1
6	73	3	53.3164474	-6.289504	450000	7
14	85	3	53.2906691	-6.2622218	440000	7
66	125	3	53.2990745	-6.3246021	535000	6
4	131	3	53.331959	-6.2159912	1100000	6
4	90	2	53.3253658	-6.2201552	795000	1
11	75	3	53.38687	-6.3154533	215000	7
9	189	4	53.3684461	-6.2696202	795000	5
14	88	3	53.2887665	-6.2719722	395000	7
14	125	3	53.2797298	-6.3107143	525000	6
13	136	3	53.3954423	-6.127618	525000	6
13	137	4	53.388018	-6.1436663	585000	6
9	165	4	53.3684447	-6.2702043	795000	7
11	120	3	53.3861611	-6.2741384	425000	7
4	49	1	53.3233877	-6.2081823	325000	1
14	116	4	53.3084447	-6.2409512	645000	6
13	56	1	53.3895166	-6.1103064	380000	1
14	201	5	53.2974222	-6.2407465	825000	6
4	194	3	53.3211975	-6.2349276	1450000	7
18	235	4	53.2571518	-6.1448719	850000	3
3	178	4	53.3628141	-6.2091512	1200000	3
24	133	3	53.2717044	-6.3514791	425000	6
15	133	3	53.3943324	-6.3741985	310000	4
22	100	4	53.3181847	-6.3648634	600000	6
14	149	3	53.2936466	-6.3084904	625000	6
4	82	2	53.3247659	-6.2369101	495000	1
2	77	2	53.3352224	-6.2654782	475000	7
66	144	4	53.3213316	-6.2820294	895000	7
12	123	3	53.3161245	-6.3216845	510000	7
15	281	5	53.3719215	-6.3584868	1595000	3
13	124	4	53.401223	-6.1646291	440000	6
2	310	4	53.3315894	-6.2579327	2250000	6
6	102	3	53.3189993	-6.2476228	785000	7
7	63	2	53.3667755	-6.2962954	290000	7
13	80	3	53.3933943	-6.1710789	300000	6
9	73	1	53.3691884	-6.2544102	445000	7
4	325	6	53.3277636	-6.242216	1950000	7
6	270	4	53.3280286	-6.259765	1400000	7
15	130	4	53.3892719	-6.4251008	420000	6
7	88	2	53.3625777	-6.2843386	379950	6
6	325	4	53.3194458	-6.2599842	3200000	7
24	95	3	53.2987039	-6.3615799	350000	6
1	57	2	53.349964	-6.2379583	365000	1
3	61	2	53.3521892	-6.2353277	299000	7
7	172	5	53.3595399	-6.2706172	695000	7
4	159	5	53.3303761	-6.2145458	1250000	3
15	111	2	53.3439478	-6.4527722	595000	5
7	133	5	53.3159453	-6.3324538	450000	5
8	85	2	53.332645	-6.277623	700000	7
18	125	3	53.2479058	-6.1781929	520000	6
13	66	2	53.401135	-6.1632471	240000	1
3	74	2	53.364107	-6.1968796	440000	7
2	77	3	53.3402263	-6.24437	385000	7
8	60	2	53.3470874	-6.310265	295000	1
15	99	3	53.3724586	-6.3606521	350000	5
3	103	3	53.3648659	-6.2210768	575000	6
7	118	3	53.3574975	-6.2987583	355000	7
15	97	4	53.3788663	-6.3557902	575000	6
4	90	2	53.3405444	-6.232237	480000	5
3	298	8	53.3590355	-6.245783	850000	3
17	85	3	53.4033345	-6.2084123	325000	6
8	64	2	53.3440805	-6.2725311	335000	7
12	92	3	53.3069991	-6.3371966	375000	7
4	160	3	53.3290906	-6.2459382	1250000	3
13	85	3	53.398506	-6.1564236	295000	6
11	115	3	53.3763559	-6.2887778	450000	6
22	69	2	53.3235872	-6.400346	210000	1
4	228	5	53.3178341	-6.2157726	1600000	3
4	114	3	53.3330322	-6.2165648	850000	5
5	102	3	53.3768218	-6.2004738	590000	6
8	71	2	53.3415157	-6.2966462	349000	7
4	58	2	53.327355	-6.24478	450000	1
3	64	2	53.367307	-6.1871809	279000	1
17	79	4	53.3990131	-6.2067053	295000	7
18	59	2	53.255536	-6.2185407	295000	1
14	90	2	53.2929012	-6.2739765	440000	7
14	210	4	53.2962774	-6.229723	1175000	3
4	83	2	53.3404699	-6.2304604	550000	1
15	125	4	53.4183419	-6.388055	275000	5
12	77	2	53.3275812	-6.3037719	320000	5
15	116	3	53.3917947	-6.3680416	330000	4
18	57	2	53.2282301	-6.1286537	360000	2
3	104	3	53.3656757	-6.2399803	510000	7
3	62	2	53.3557976	-6.2364325	330000	7
22	91	3	53.3367363	-6.3634109	250000	6
13	112	3	53.3975351	-6.1589454	365000	6
14	129	3	53.2995086	-6.2632493	625000	6
12	60	2	53.3302878	-6.2879901	360000	7
9	150	4	53.3678229	-6.2605357	625000	5
15	78	2	53.3911277	-6.4259878	290000	7
4	65	2	53.3178451	-6.2336194	410000	7
6	182	3	53.3036727	-6.2615952	1150000	5
5	65	2	53.3802234	-6.2094959	595000	5
15	85	3	53.4015131	-6.4024926	249950	3
22	77	3	53.3237436	-6.398244	275000	2
11	112	3	53.394478	-6.2858894	495000	6
15	160	4	53.4285822	-6.3820454	400000	6
7	173	5	53.3584957	-6.2924029	695000	3
6	200	3	53.3212966	-6.2733513	1700000	6
3	55	1	53.3635097	-6.2425272	230000	1
18	131	4	53.2762112	-6.1704367	695000	6
14	120	3	53.2964292	-6.2351378	675000	6
15	280	5	53.3665404	-6.4007269	1525000	3
9	183	4	53.3952604	-6.2440543	550000	5
14	89	3	53.294858	-6.2840956	525000	7
8	78	2	53.3351253	-6.2914978	450000	7
1	122	4	53.3585505	-6.2488705	395000	7
1	57	3	53.3551866	-6.2516913	265000	7
1	84	2	53.3550617	-6.252245	210000	5
9	105	3	53.3760789	-6.2370701	600000	7
7	100	4	53.3614777	-6.2611814	495000	7
4	61	2	53.3420146	-6.2259541	395000	7
1	56	2	53.355159	-6.2518354	160000	5
9	96	3	53.4085508	-6.2324242	330000	6
11	101	3	53.3854796	-6.3088279	275000	5
8	65	2	53.3477081	-6.3061859	325000	1
15	132	4	53.3719215	-6.3584868	695000	3
11	130	3	53.39266	-6.299153	315000	7
3	90	3	53.3621478	-6.2475634	450000	7
5	71	3	53.3964486	-6.2221074	290000	7
7	64	2	53.3529987	-6.2904057	365000	7
5	69	3	53.3978599	-6.2238976	200000	7
15	97	3	53.3964445	-6.3819635	320000	6
6	168	4	53.3234563	-6.2505421	950000	6
18	81	3	53.2413208	-6.1147243	365000	7
9	75	3	53.3942793	-6.2629225	175000	1
8	114	3	53.3360138	-6.3281445	395000	3
15	100	3	53.401243	-6.390791	260000	5
15	187	5	53.3887556	-6.380867	500000	6
12	142	5	53.3109887	-6.3129622	545000	6
16	127	4	53.2777304	-6.3124604	499000	6
22	114	4	53.3154212	-6.4019232	325000	6
12	65	2	53.3275812	-6.3037719	330000	5
1	52	2	53.3606737	-6.2618653	295000	1
3	39	2	53.3532432	-6.2274132	250000	7
7	119	3	53.3717093	-6.3243787	420000	6
3	83	3	53.3700825	-6.2336339	395000	5
15	65	2	53.3886042	-6.3906675	235000	1
4	63	2	53.326205	-6.2190513	490000	1
66	181	4	53.3068242	-6.2831567	1295000	6
14	127	4	53.291126	-6.2933007	695000	6
6	84	2	53.3099107	-6.2829572	395000	1
7	77	2	53.36331	-6.2966298	365000	5
5	141	5	53.3831841	-6.1689154	620000	6
12	89	3	53.3121728	-6.3206226	450000	7
6	110	3	53.3098725	-6.2829949	775000	6
13	245	4	53.3897774	-6.1087369	995000	6
14	79	2	53.2884828	-6.257369	525000	2
1	52	1	53.3462686	-6.2678055	295000	1
8	67	2	53.3223792	-6.2068608	395000	1
7	60	2	53.3477882	-6.2792739	345000	1
3	82	2	53.3643626	-6.2457369	290000	1
2	80	2	53.3464906	-6.267673	399950	1
3	40	1	53.3634956	-6.2555061	230000	1
1	86	1	53.3524638	-6.2495324	325000	4
2	46	2	53.3447327	-6.2638815	350000	1
13	75	2	53.4078252	-6.1564023	270000	1
8	72	2	53.3373983	-6.2929202	295000	1
14	52	2	53.2973734	-6.2910348	375000	1
9	55	2	53.3943456	-6.2644766	190000	1
8	87	2	53.3416903	-6.3050548	435000	1
14	106	3	53.2989024	-6.2847386	405000	4
1	53	2	53.3578737	-6.2478082	315000	1
8	65	2	53.342689	-6.3120217	280000	1
1	58	2	53.3502153	-6.2747689	285000	1
3	79	2	53.3676907	-6.2500848	369950	1
4	81	3	53.3440402	-6.2272924	425000	1
11	61	2	53.394697	-6.2644411	195000	1
8	102	3	53.3408563	-6.3153443	399000	1
18	70	2	53.2697667	-6.2393726	295000	1
2	49	1	53.2857923	-6.1548982	340000	1
8	48	2	53.330676	-6.266168	275000	1
2	48	2	53.3414252	-6.2726053	275000	1
3	40	1	53.3663997	-6.2183296	230000	1
1	46	1	53.3478879	-6.2626948	245000	1
3	92	2	53.363007	-6.2493206	390000	1
14	70	2	53.2950791	-6.2943341	375000	1
1	35	1	53.347089	-6.2624144	250000	1
8	66	2	53.3396676	-6.3059016	275000	1
18	98	3	53.2777023	-6.2110538	545000	1
4	36	1	53.3274501	-6.2433242	375000	1
18	96	2	53.2469049	-6.1815015	395000	1
18	96	2	53.2469049	-6.1815015	395000	1
6	164	3	53.3139984	-6.2504575	875000	1
18	58	2	53.2467094	-6.1773541	345000	1
8	75	3	53.3389065	-6.3190585	299950	4
3	110	3	53.373804	-6.2369135	425000	1
11	79	2	53.3813276	-6.2905908	250000	1
8	72	2	53.3362553	-6.2917981	325000	1
13	85	2	53.4024873	-6.1629046	260000	1
11	32	1	53.3658315	-6.2724328	199950	1
1	71	2	53.3559523	-6.2558887	265000	1
1	58	2	53.3481583	-6.2768789	285000	1
9	42	1	53.3935427	-6.2645475	160000	1
9	85	2	53.4029448	-6.25519	285000	1
9	88	2	53.4041122	-6.2600368	260000	1
4	72	2	53.3177636	-6.2385734	495000	4
15	83	2	53.3725	-6.3375674	382500	1
8	41	1	53.3445378	-6.2692931	275000	1
2	80	3	53.3312517	-6.2610716	475000	1
7	60	2	53.3567947	-6.2912324	290000	1
1	33	1	53.34702	-6.282977	230000	1
14	87	2	53.292307	-6.2784757	355000	1
4	136	2	53.3288165	-6.2399246	1250000	1
4	43	1	53.3247831	-6.2077502	335000	1
7	57	2	53.3384862	-6.3622272	305000	1
7	103	3	53.3478663	-6.2780447	559950	1
18	68	2	53.2592655	-6.2228474	295000	1
14	46	1	53.2820864	-6.2438042	315000	1
15	64	2	53.3828553	-6.3852622	215000	1
1	56	2	53.3469206	-6.2657661	290000	1
14	61	2	53.3157045	-6.270544	375000	1
8	47	1	53.3383511	-6.2797282	295000	1
9	82	2	53.4063294	-6.2483552	240000	1
1	57	1	53.3525906	-6.2505868	240000	1
9	58	2	53.3863404	-6.2291862	249000	1
8	44	1	53.3430441	-6.2709222	245000	1
5	74	2	53.3761029	-6.1671603	310000	1
1	132	3	53.3499642	-6.2377106	625000	1
6	37	1	53.3230244	-6.2788554	199000	1
1	32	1	53.3509997	-6.2899691	230000	1
9	361	2	53.4035285	-6.253208	255000	1
14	73	2	53.2870145	-6.2365305	365000	1
13	75	2	53.404221	-6.1801432	275000	1
8	73	2	53.3395127	-6.2793506	315000	1
2	76	2	53.3453867	-6.2334255	525000	1
3	75	2	53.3629839	-6.1828326	425000	1
11	65	2	53.4062988	-6.285191	220000	1
8	39	1	53.3381328	-6.2764611	260000	1
1	45	1	53.3407361	-6.276253	250000	1
3	65	2	53.3567599	-6.2340425	315000	1
9	76	2	53.3676907	-6.2500848	345000	1
2	54	2	53.3453867	-6.2334255	350000	1
4	60	1	53.3278232	-6.2318985	335000	1
18	74	2	53.226494	-6.1265227	340000	1
4	35	1	53.3418611	-6.2267121	300000	1
11	62	2	53.3780503	-6.2670665	250000	1
8	95	1	53.3356136	-6.274735	495000	1
8	42	1	53.3389065	-6.3190585	190000	1
14	76	2	53.2929118	-6.2803719	360000	1
8	68	2	53.3414811	-6.2987634	275000	1
15	41	1	53.34923	-6.28185	225000	1
2	67	2	53.3454906	-6.25191	425000	1
24	83	2	53.2868718	-6.375345	220000	1
6	90	2	53.3138087	-6.2500035	545000	1
8	66	1	53.3360533	-6.2883591	260000	1
1	46	1	53.381275	-6.4031338	250000	1
4	76	2	53.3374963	-6.2372438	525000	1
2	80	2	53.3455819	-6.2383244	550000	1
7	65	1	53.351217	-6.2839951	275000	1
14	72	2	53.2859894	-6.2460934	450000	1
2	47	1	53.341278	-6.246897	335000	1
3	40	1	53.3628796	-6.2159334	260000	1
4	90	3	53.32937	-6.2275049	550000	1
9	53	1	53.3999101	-6.2646619	160000	1
15	52	1	53.3758842	-6.316818	229000	1
8	66	2	53.3399246	-6.2677826	425000	1
8	75	2	53.338999	-6.2795588	395000	1
8	60	2	53.3633072	-6.2483973	279000	1
6	83	2	53.3230379	-6.2648596	425000	1
10	47	1	53.3371071	-6.3608829	149950	1
1	44	1	53.3525906	-6.2505868	250000	1
8	53	1	53.3453002	-6.2766878	205000	1
8	55	2	53.3371748	-6.2814238	275000	1
8	39	1	53.3429633	-6.2703329	245000	1
24	42	1	53.288189	-6.370622	185000	1
8	80	2	53.3423374	-6.3094157	440000	1
14	75	2	53.2919774	-6.277892	365000	1
8	52	2	53.2844744	-6.2930999	280000	1
8	167	2	53.3356136	-6.274735	775000	4
7	69	2	53.3507302	-6.2648869	290000	1
1	56	2	53.3562528	-6.2585251	280000	1
4	58	1	53.3137205	-6.2066579	325000	1
15	76	2	53.3760904	-6.3323195	280000	1
4	56	2	53.3405071	-6.2262763	380000	1
1	73	2	53.381275	-6.4031338	330000	1
1	53	2	53.3465173	-6.2656625	335000	1
11	43	1	53.4066671	-6.2892184	165000	1
8	59	2	53.3419884	-6.2961345	279995	1
6	72	2	53.3139246	-6.2406101	495000	1
1	35	1	53.3523183	-6.2551283	179000	1
1	69	2	53.3555628	-6.2576408	285000	1
1	62	2	53.3517665	-6.2500528	300000	1
22	48	2	53.3251618	-6.4273337	189000	1
18	118	2	53.2592655	-6.2228474	579000	1
1	33	1	53.347089	-6.2624144	270000	1
24	60	1	53.2894863	-6.3741367	225000	1
1	68	2	53.3494306	-6.2386257	390000	1
1	57	2	53.3503186	-6.2688846	265000	1
8	58	2	53.3431832	-6.280244	320000	1
9	68	2	53.4035285	-6.253208	260000	1
14	68	2	53.2820864	-6.2438042	395000	1
1	78	2	53.3491147	-6.2303112	360000	1
1	89	2	53.3527242	-6.2545305	295000	1
1	65	2	53.3501291	-6.2579815	315000	1
8	45	1	53.3483129	-6.3030824	250000	1
2	57	2	53.2426968	-6.1391138	345000	1
8	62	2	53.3444284	-6.3068674	285000	1
4	66	2	53.3384162	-6.237222	430000	1
2	60	2	53.3457282	-6.2548402	390000	1
18	74	2	53.276225	-6.2207062	375000	1
3	67	2	53.3637698	-6.2487348	310000	1
1	85	3	53.3562528	-6.2585251	360000	1
11	94	2	53.3875438	-6.3002592	245000	4
14	70	2	53.2866263	-6.23668	385000	1
18	63	2	53.2776924	-6.2164468	310000	1
18	78	2	53.2775738	-6.2151242	395000	1
8	68	2	53.3423374	-6.3094157	370000	1
1	93	2	53.3527242	-6.2545305	350000	1
8	58	2	53.3483129	-6.3030824	345000	1
1	60	2	53.3499554	-6.267168	335000	1
15	93	2	53.3727231	-6.3360501	397500	1
4	75	2	53.3392691	-6.2346876	475000	1
9	40	1	53.3813289	-6.2384795	199950	1
8	36	1	53.3435916	-6.268463	285000	1
22	50	1	53.3187531	-6.3717069	195000	1
9	70	2	53.4035285	-6.253208	270000	1
1	91	2	53.381275	-6.4031338	370000	1
4	76	2	53.3484593	-6.3466722	375000	1
1	90	2	53.3496954	-6.2775248	450000	1
4	66	2	53.3418769	-6.2353345	370000	1
4	60	2	53.3484593	-6.3466722	395000	1
6	90	2	53.317053	-6.243859	475000	1
18	56	1	53.2535551	-6.2071318	245000	1
14	45	1	53.3060883	-6.2395838	285000	1
8	68	2	53.3298941	-6.2747896	375000	1
22	67	2	53.3283213	-6.3945288	189950	1
14	70	2	53.2957819	-6.259299	325000	1
3	70	2	53.3571354	-6.242997	310000	1
18	62	2	53.2768805	-6.2169303	345000	1
4	65	2	53.3422883	-6.23157	425000	1
6	42	1	53.3253586	-6.2646187	270000	1
20	62	2	53.3432961	-6.3388751	235000	1
2	55	1	53.3454014	-6.2361096	365000	1
11	66	2	53.3926796	-6.3001684	219000	1
1	67	2	53.3516048	-6.2532046	340000	1
9	68	2	53.4010239	-6.2605654	199950	1
15	90	3	53.3733658	-6.3375763	380000	1
14	77	2	53.2941748	-6.2488594	400000	1
1	52	2	53.354547	-6.257385	250000	1
2	45	1	53.3454906	-6.25191	287500	1
1	103	3	53.3499642	-6.2377106	525000	1
8	59	1	53.336216	-6.2819815	260000	1
12	100	3	53.3339118	-6.3776249	275000	1
8	55	2	53.3344828	-6.2907464	225000	1
8	37	1	53.3379079	-6.2957063	215000	1
8	47	1	53.3437372	-6.2765562	270000	1
8	60	2	53.34033	-6.2739807	265000	1
16	121	3	53.2798603	-6.278982	460000	1
6	55	1	53.3180615	-6.2663742	270000	1
17	53	2	53.3886539	-6.2454116	225000	1
2	53	1	53.3451704	-6.2684244	299000	1
16	65	2	53.2719261	-6.2506075	310000	1
18	57	2	53.2504298	-6.1439227	275000	1
8	45	1	53.3429633	-6.2703329	260000	1
15	86	3	53.3774677	-6.3112813	320000	1
8	32	1	53.34639	-6.2826699	200000	1
1	96	3	53.350042	-6.237672	495000	1
15	79	2	53.375761	-6.3253168	330000	1
4	60	2	53.3418769	-6.2353345	345000	1
11	72	2	53.4066671	-6.2892184	230000	1
3	187	2	53.3567599	-6.2340425	900000	1
8	42	1	53.3429814	-6.2748884	225000	1
2	72	2	53.3426932	-6.2493808	390000	1
24	54	1	53.2868718	-6.375345	172500	1
15	85	2	53.3722827	-6.3356878	365000	1
9	89	3	53.4064144	-6.2503668	279950	1
15	62	2	53.4165704	-6.3880096	199000	1
6	46	1	53.3194832	-6.2624344	285000	1
2	46	1	53.3473666	-6.2554648	275000	1
3	55	1	53.3653794	-6.2456143	245000	1
6	80	2	53.3120818	-6.2481127	490000	1
2	70	2	53.3455819	-6.2383244	520000	1
2	75	2	53.3454014	-6.2361096	495000	1
8	48	2	53.34639	-6.2826699	265000	1
1	85	2	53.3494306	-6.2386257	450000	1
14	75	2	53.2832873	-6.2444957	499000	1
2	84	2	53.3455577	-6.2378696	625000	1
18	100	3	53.248513	-6.1470494	385000	1
24	42	1	53.2894863	-6.3741367	185000	1
1	68	2	53.3496954	-6.2775248	395000	1
14	74	2	53.2859894	-6.2460934	475000	1
15	42	1	53.4167808	-6.3877821	160000	1
4	75	2	53.3321185	-6.2356748	640000	4
4	60	2	53.3273806	-6.2160547	395000	1
4	61	2	53.3392691	-6.2346876	420000	1
2	47	2	53.4070785	-6.2883008	350000	1
22	107	3	53.3183067	-6.3741135	250000	4
2	38	1	53.3426932	-6.2493808	265000	1
14	72	2	53.2859894	-6.2460934	475000	1
4	50	1	53.3388992	-6.2352478	360000	1
15	84	2	53.4043808	-6.4075204	230000	1
1	55	2	53.3494306	-6.2386257	350000	1
4	65	2	53.3405071	-6.2262763	380000	1
8	36	1	53.339701	-6.273708	230000	1
3	32	1	53.3651695	-6.2267113	220000	1
8	50	1	53.3338835	-6.2757933	224950	1
2	38	1	53.3426932	-6.2493808	270000	1
8	58	2	53.3381328	-6.2764611	285000	1
11	50	1	53.3741457	-6.2689995	200000	1
18	64	2	53.2642895	-6.1690673	325000	1
2	58	2	53.3351155	-6.2468937	395000	1
15	80	3	53.3760835	-6.326178	370000	1
7	42	2	53.3478663	-6.2780447	305000	1
14	65	2	53.2957626	-6.2942578	375000	1
8	54	2	53.339701	-6.273708	315000	1
8	56	1	53.340224	-6.2749881	275000	1
13	70	2	53.3981138	-6.1793415	220000	1
13	59	2	53.4010178	-6.1646609	235000	1
18	80	2	53.2681137	-6.2456727	295000	1
3	121	3	53.3554423	-6.241152	440000	1
4	105	2	53.3316545	-6.2476511	595000	1
13	80	2	53.3801118	-6.0605789	395000	1
9	83	3	53.3942793	-6.2629225	175000	1
7	64	2	53.3614409	-6.2719542	329000	1
1	66	2	53.3525906	-6.2505868	325000	1
6	55	2	53.3233918	-6.2657608	395000	1
11	67	2	53.3817894	-6.2897619	230000	1
7	66	2	53.3478728	-6.2779404	315000	1
14	122	3	53.2989843	-6.2845572	445000	1
2	91	3	53.3454014	-6.2361096	595000	1
8	83	2	53.3457812	-6.2797622	450000	1
8	66	2	53.3376365	-6.293175	295000	1
4	73	2	53.3172817	-6.2369192	350000	1
18	68	2	53.2342977	-6.116319	315000	1
13	55	1	53.4020038	-6.1515431	209950	1
4	62	2	53.3384162	-6.237222	425000	1
4	64	1	53.328975	-6.2151041	350000	1
4	90	2	53.3425769	-6.2366343	405000	1
9	38	1	53.3816098	-6.2465221	195000	1
6	44	1	53.3279247	-6.2474633	285000	1
2	153	2	53.3388476	-6.2444058	1100000	1
16	69	2	53.2807009	-6.2427837	415000	1
16	69	2	53.2807009	-6.2427837	415000	1
16	82	2	53.2726552	-6.2539114	360000	1
18	155	4	53.2630615	-6.171495	875000	3
13	274	5	53.3922844	-6.1124215	1495000	6
13	219	5	53.3831788	-6.0938711	885000	3
14	255	4	53.2941502	-6.2529175	2500000	3
6	56	1	53.3095907	-6.2475246	365000	7
14	190	4	53.3004978	-6.2838544	825000	3
6	149	3	53.3116041	-6.2746715	625000	3
13	49	1	53.4020116	-6.1405283	225000	1
1	79	2	53.3492851	-6.2317665	385000	1
1	48	1	53.3492718	-6.2314817	285000	1
9	100	2	53.3890947	-6.2513221	290000	4
4	100	4	53.3238459	-6.2468103	695000	3
18	312	5	53.2690032	-6.1841375	1950000	3
18	147	3	53.254379	-6.1736921	975000	2
13	310	3	53.3858437	-6.0616322	1485000	3
14	883	7	53.2908253	-6.2514691	2850000	3
1	57	2	53.34702	-6.282977	305000	1
13	181	4	53.3814438	-6.0968357	795000	3
14	121	3	53.2964163	-6.2684613	650000	2
14	76	2	53.294437	-6.2463498	475000	1
13	188	4	53.3697177	-6.0856141	1800000	3
6	145	4	53.3210953	-6.281754	750000	7
4	88	3	53.3325759	-6.215166	575000	7
18	189	4	53.2682922	-6.1727467	1250000	6
6	78	3	53.3200051	-6.2525528	585000	8
4	230	3	53.3206366	-6.2173034	1750000	3
4	89	2	53.3285094	-6.2267772	690000	3
9	95	3	53.3779111	-6.2263112	495000	7
7	290	4	53.3585903	-6.2919327	1500000	3
13	300	5	53.3822639	-6.0968772	1525000	2
6	306	6	53.3150029	-6.2579387	3250000	6
3	361	9	53.360319	-6.1999965	1150000	5
14	154	3	53.2967518	-6.2912037	775000	6
7	319	8	53.3486872	-6.2902274	1800000	5
6	79	2	50.947822	-2.5144829	450000	1
16	174	4	53.266016	-6.3118952	950000	3
18	156	4	53.2672979	-6.1844552	745000	7
14	440	5	53.2907403	-6.2403466	2250000	3
18	137	3	41.8230531	12.9780981	795000	3
8	110	3	53.3352836	-6.3268936	525000	5
18	232	5	53.2669497	-6.2172787	895000	3
13	300	4	53.3805225	-6.0582515	2300000	3
13	195	4	53.3769098	-6.0653539	1495000	3
6	520	5	53.3123134	-6.2575677	4750000	3
2	80	2	53.3441202	-6.2315495	685000	1
18	450	5	53.2670225	-6.1805768	4000000	3
13	131	3	53.3825112	-6.0663692	675000	7
18	302	4	53.2686495	-6.1816999	2350000	3
13	195	5	53.3793987	-6.0656838	1200000	3
12	148	4	53.3211786	-6.3172135	550000	3
13	208	5	53.374508	-6.0588908	1200000	6
18	370	6	53.2368004	-6.1961302	1695000	3
3	93	3	53.3691662	-6.2626278	450000	6
18	530	6	53.2674434	-6.1820881	3150000	3
14	240	4	53.2890468	-6.2902341	975000	3
4	368	5	53.3283511	-6.2203535	2695000	6
6	464	5	53.3052535	-6.2617424	2950000	3
18	334	6	53.2760134	-6.1895587	1950000	3
4	130	3	53.3354175	-6.224799	980000	3
18	144	4	53.2651196	-6.2273459	795000	2
8	42	1	53.3438586	-6.2817933	195000	1
15	86	3	53.3747904	-6.3632751	440000	3
3	254	5	53.3651927	-6.1757463	1950000	6
14	161	2	53.2911903	-6.2576149	850000	3
1	95	2	53.3561495	-6.2553149	375000	1
14	159	4	53.2987607	-6.2644035	725000	6
6	309	5	53.307181	-6.2727269	2650000	6
6	336	5	53.3159591	-6.2560515	4750000	3
17	82	3	53.4036271	-6.2022898	240000	7
5	116	3	53.3874843	-6.2220356	390000	6
4	245	3	53.3176455	-6.2200194	1500000	6
4	168	3	53.3266304	-6.2154892	1000000	2
1	40	2	53.353527	-6.260489	250000	1
4	207	2	53.319076	-6.2104761	1350000	1
4	285	3	53.3272496	-6.2258218	2700000	1
13	687	6	53.3698103	-6.0612716	2450000	3
8	170	4	53.3387307	-6.3025824	875000	5
18	490	7	53.2370078	-6.1538508	1795000	3
6	412	5	53.3191406	-6.2721949	4350000	3
4	168	2	53.3272496	-6.2258218	1850000	1
4	114	1	53.3272496	-6.2258218	1100000	1
15	269	6	53.3705874	-6.3503724	2200000	3
9	89	3	53.3903948	-6.2564702	370000	6
4	300	6	53.3206366	-6.2173034	2950000	3
5	129	4	53.3783777	-6.1594808	675000	6
11	154	5	53.3684885	-6.268632	725000	7
18	319	5	53.2673197	-6.179502	2500000	3
9	77	3	53.3875985	-6.247954	315000	6
7	80	3	53.3700747	-6.2920401	325000	6
14	85	3	53.2803576	-6.2900844	375000	6
14	127	3	53.3333023	-6.2602735	895000	3
12	93	3	53.3289241	-6.3446646	349000	2
14	390	5	53.2977202	-6.2547203	1710000	3
4	61	2	53.3436318	-6.2220048	495000	7
6	227	5	53.3134663	-6.2627058	1850000	3
3	268	5	53.3644936	-6.2205817	1500000	3
14	81	3	53.2968834	-6.2438836	645000	6
13	150	3	53.3880556	-6.1186111	1100000	3
7	80	2	53.3502852	-6.2775474	310000	1
8	117	3	53.3383511	-6.2797282	395000	4
18	150	3	53.2467324	-6.1749168	850000	3
4	274	5	53.3177888	-6.2193005	1850000	6
4	68	2	53.3420832	-6.2256732	375000	7
4	382	5	53.3242638	-6.2128275	2650000	3
6	188	4	53.3107295	-6.27378	1255000	3
13	275	5	53.3763059	-6.0902127	1800000	3
14	249	5	53.3032657	-6.2807866	1100000	3
14	116	3	53.2980623	-6.248313	795000	3
18	520	7	53.2608818	-6.176409	4800000	3
18	236	5	53.2682356	-6.1728812	1395000	6
15	102	3	53.3838733	-6.4224839	545000	2
18	229	4	53.2724621	-6.1876783	1595000	3
6	84	3	53.3079906	-6.2550613	525000	6
11	149	3	53.3913093	-6.2691428	595000	6
24	279	5	53.2744587	-6.4107961	725000	3
22	97	3	53.3423677	-6.4059315	235000	7
66	150	3	53.2955257	-6.3084512	730000	3
13	282	4	53.3830139	-6.098136	1250000	3
13	341	5	53.3912943	-6.0888414	1800000	3
18	645	6	53.2332663	-6.1237578	3750000	3
17	94	3	53.4052024	-6.2156169	230000	4
