20	182	4	53.3574079	-6.3714236	3	625000
7	124	5	53.3515058	-6.2960043	5	430000
14	116	4	53.2947967	-6.2821518	6	595000
14	84	3	53.2944655	-6.2697407	6	475000
24	104	3	53.3001659	-6.3563517	3	395000
6	70	2	53.3142904	-6.2815422	5	575000
15	148	4	53.3819042	-6.3822293	6	465000
2	74	3	53.3348783	-6.2650163	8	475000
24	73	3	53.290063	-6.3447246	5	270000
16	244	6	53.2831501	-6.330373	6	769950
6	155	3	53.329873	-6.2637997	7	795000
3	55	2	53.3513037	-6.2349949	2	295000
8	60	2	53.3382327	-6.2914777	5	345000
6	372	4	53.3306664	-6.2532141	6	2950000
16	168	5	53.2831501	-6.330373	3	700000
4	52	2	53.330644	-6.2303587	5	450000
9	95	3	53.3839695	-6.2327036	6	445000
2	38	1	53.3426815	-6.245115	8	325000
18	83	3	53.2753874	-6.191113	6	495000
6	135	4	53.3064856	-6.3008039	3	595000
3	57	2	53.3587655	-6.2457256	7	240000
7	60	2	53.3581223	-6.272452	1	285000
4	54	2	53.331959	-6.2159912	1	345000
15	108	3	53.401484	-6.4258953	6	375000
4	85	2	53.3368821	-6.2293415	5	625000
15	103	4	53.386574	-6.3780055	3	490000
18	149	5	53.2343438	-6.1187294	6	600000
3	232	5	53.3630407	-6.2187486	5	1300000
4	196	3	53.3291261	-6.2214049	6	1250000
8	99	3	53.3409708	-6.3238981	5	445000
9	226	5	53.3667409	-6.2700472	5	800000
14	48	2	53.2989843	-6.2845572	1	325000
8	83	3	53.3337649	-6.2798426	5	550000
8	45	1	53.3416066	-6.2990284	1	190000
8	52	2	53.3425185	-6.271268	1	275000
6	71	3	53.3267474	-6.2810512	5	475000
8	63	2	53.3382058	-6.3042729	1	320000
7	52	2	53.3505954	-6.283153	5	350000
22	107	3	53.2969849	-6.4189764	6	365000
8	250	3	53.3359522	-6.2748802	1	1500000
13	77	2	53.401135	-6.1632471	1	250000
18	157	3	53.2546016	-6.2064583	6	625000
9	94	3	53.3904958	-6.2295194	6	395000
8	65	4	53.3378308	-6.3214529	5	285000
6	162	3	53.3164144	-6.2529343	6	1200000
14	138	4	53.3002361	-6.2272692	6	875000
4	82	2	53.3190691	-6.22958	1	495000
13	120	3	53.401761	-6.1541197	7	345000
5	138	3	53.3898876	-6.201814	6	435000
18	232	4	53.2586173	-6.1793275	3	1500000
14	160	4	53.2902529	-6.2922846	6	750000
15	78	2	53.3769656	-6.3152074	1	315000
11	87	3	53.3859469	-6.3174217	7	215000
6	51	1	53.3281559	-6.2574139	1	425000
6	101	3	53.3071911	-6.2807918	1	545000
18	104	3	53.2342977	-6.116319	6	525000
18	104	3	53.2342977	-6.116319	6	525000
6	73	2	53.3267474	-6.2810512	7	450000
6	181	4	53.303109	-6.3012205	6	1250000
11	86	3	53.37784	-6.286575	5	365000
66	110	4	53.2941993	-6.3157917	6	550000
8	125	4	53.3363983	-6.2887444	6	695000
8	91	2	53.3365641	-6.2736277	5	350000
2	52	2	53.3406893	-6.245319	7	395000
1	70	2	53.3503612	-6.2562012	1	325000
24	38	1	53.2777339	-6.4007725	1	120000
22	156	4	53.3190897	-6.393223	6	439950
8	60	2	53.3379582	-6.2745894	7	345000
4	86	2	53.3306369	-6.2236266	1	495000
6	130	2	53.3136563	-6.2520678	1	695000
11	149	4	53.3945149	-6.275447	6	575000
6	102	2	53.3282725	-6.2601016	3	475000
7	117	5	53.3562725	-6.2705753	5	510000
3	63	3	53.3541631	-6.231003	7	250000
8	98	3	53.3351293	-6.2921677	7	450000
9	169	3	53.3691884	-6.2544102	7	675000
24	86	3	53.2850227	-6.4110635	6	255000
15	130	4	53.3842938	-6.3680218	6	565000
22	90	3	53.3075695	-6.365461	6	325000
16	126	4	53.2733444	-6.3143767	5	545000
6	144	2	53.3036727	-6.2615952	7	950000
16	117	4	53.2913495	-6.2454413	6	595000
7	108	3	53.3639102	-6.3059483	6	575000
18	46	1	53.2686148	-6.243023	1	225000
3	104	3	53.3699973	-6.2343628	7	460000
18	100	3	53.271783	-6.1933509	6	595000
12	70	2	53.3275812	-6.3037719	7	325000
12	78	3	53.3262184	-6.327142	7	275000
5	108	3	53.3819676	-6.2053405	6	385000
4	388	5	53.3251833	-6.2220547	6	2500000
13	95	3	53.4048113	-6.1726604	1	270000
8	86	3	53.338703	-6.3090293	7	380000
4	248	4	53.3250898	-6.2219129	6	2000000
18	130	4	53.2716172	-6.1930448	6	665000
15	60	1	53.3888993	-6.4271118	1	220000
8	61	2	53.3373312	-6.3240432	7	325000
4	114	2	53.3328254	-6.2369642	3	995000
9	130	3	53.3691884	-6.2544102	6	750000
12	92	3	53.327712	-6.3282853	7	335000
7	56	2	53.3671308	-6.2870186	7	295000
66	222	4	53.3026798	-6.3099347	6	875000
5	111	3	53.386835	-6.210511	6	390000
13	102	3	53.3905328	-6.1434997	5	399000
12	80	2	53.3275812	-6.3037719	5	345000
14	83	3	53.2927195	-6.2722071	7	400000
1	52	2	53.3606737	-6.2618653	1	300000
2	122	3	53.3454014	-6.2361096	4	520000
5	85	2	53.3969067	-6.2021877	7	234950
6	57	1	53.3282075	-6.2785484	2	350000
7	45	2	53.3538541	-6.2930585	7	350000
3	97	3	53.3570047	-6.2414579	7	370000
6	165	4	53.3012741	-6.2959967	7	750000
3	83	2	53.3564139	-6.2334078	7	420000
16	155	3	53.2741884	-6.2414732	6	675000
16	155	3	53.2741884	-6.2414732	6	675000
5	76	3	53.3864877	-6.1868936	5	310000
3	95	3	53.3668231	-6.2500956	4	395000
4	76	2	53.3303989	-6.2313359	5	690000
12	79	2	53.3275812	-6.3037719	5	350000
5	118	3	53.384484	-6.1502317	6	500000
15	99	3	53.3711729	-6.3933915	6	450000
22	84	3	53.3265316	-6.4189921	5	250000
6	311	5	53.3143393	-6.2541334	6	2300000
4	100	2	53.3315161	-6.2130325	5	775000
14	70	2	53.3030516	-6.265801	1	395000
14	93	3	53.2945804	-6.2618811	2	650000
13	49	1	53.3981138	-6.1793415	1	169000
12	84	3	53.3131396	-6.32222	2	395000
15	88	3	53.3815276	-6.4008841	6	330000
1	48	2	53.3552311	-6.2440881	7	230000
66	126	4	53.2976983	-6.299973	6	650000
13	66	2	53.4018183	-6.1407405	1	270000
15	92	3	53.3720781	-6.3706031	1	350000
22	75	3	53.3045704	-6.3653584	2	335000
15	63	2	53.388109	-6.429567	1	235000
18	346	5	53.2592362	-6.1662505	3	1395000
13	65	2	39.9662406	-75.1535221	1	250000
2	78	2	53.344003	-6.2341582	1	685000
14	210	4	53.292737	-6.2432347	6	845000
8	83	3	53.3423374	-6.3094157	1	395000
9	123	3	53.3876615	-6.2495021	5	475000
3	200	4	53.3706867	-6.2065887	6	995000
3	84	2	53.3547019	-6.2362931	7	350000
14	154	3	53.3030865	-6.2842178	6	650000
9	73	2	53.3721817	-6.2614044	7	395000
12	85	3	53.3155551	-6.3036949	5	290000
18	126	3	53.2619565	-6.218458	4	435000
15	68	2	53.3958532	-6.4304119	1	250000
66	86	2	53.3017886	-6.2965723	1	435000
11	180	4	53.3903508	-6.2740542	6	600000
66	170	4	53.3200358	-6.2864155	6	725000
20	173	5	53.3523668	-6.3749486	5	420000
11	79	3	53.3890537	-6.319832	5	235000
9	76	2	53.4067249	-6.2493205	1	245000
8	46	1	53.3430611	-6.3215398	1	225000
12	115	4	53.3183647	-6.3306723	5	450000
66	62	2	53.3109755	-6.3064508	5	395000
8	512	4	53.3403985	-6.315653	7	475000
4	101	2	53.3139611	-6.2264795	1	575000
15	64	2	53.3879699	-6.3932206	1	210000
24	87	3	53.2883931	-6.4152831	7	235000
4	86	2	53.327532	-6.2385031	1	550000
15	87	2	53.3702678	-6.3842596	1	350000
15	60	3	53.3957015	-6.4212565	6	279000
6	59	2	53.3226942	-6.286871	7	340000
5	107	3	53.3816582	-6.1598717	6	520000
1	110	3	53.349531	-6.244996	1	630000
16	119	3	53.2773999	-6.3291454	6	495000
8	47	2	53.3351622	-6.272684	2	375000
11	116	4	53.400567	-6.2830695	7	390000
24	88	3	53.2754036	-6.4076693	6	250000
22	91	3	53.3441193	-6.3936365	6	245000
8	54	2	53.3468748	-6.3075883	1	330000
13	243	4	53.3907242	-6.1129051	6	995000
16	144	4	53.2936466	-6.3084904	6	525000
13	82	3	53.3904763	-6.1205939	7	395000
15	88	3	53.4027031	-6.3998657	6	295000
4	52	1	53.3304028	-6.2291962	4	485000
8	86	3	53.3431919	-6.2805666	7	400000
4	115	2	53.3367098	-6.2194253	7	595000
15	110	3	53.3800057	-6.3986169	1	320000
22	72	3	53.3250065	-6.3822541	6	289000
6	173	5	53.3087973	-6.2731882	6	1200000
15	150	4	53.3685196	-6.3835328	6	670000
9	129	4	53.3652104	-6.2602552	7	625000
20	56	3	53.3492141	-6.3704511	2	395000
8	63	2	53.3352807	-6.3129968	1	295000
12	81	3	53.3211786	-6.3172135	7	260000
20	90	3	53.346636	-6.3462167	1	330000
20	129	4	53.3513162	-6.3524855	6	480000
3	113	3	53.3620458	-6.2493346	7	525000
3	206	4	53.360547	-6.2046498	6	1500000
13	65	2	53.3981138	-6.1793415	1	215000
8	43	1	53.340075	-6.3160803	1	195000
14	91	3	53.2913495	-6.2454413	6	680000
16	137	5	53.2936466	-6.3084904	3	630000
14	155	4	53.2845861	-6.2279056	6	799000
66	81	2	53.3017886	-6.2965723	1	475000
4	78	2	53.3304028	-6.2291962	1	520000
3	71	2	53.3633372	-6.2462558	7	375000
6	90	3	53.3189535	-6.2792947	3	550000
24	85	3	53.2906764	-6.3364975	7	319000
5	106	3	53.3892981	-6.1536866	6	385000
5	80	2	53.3761865	-6.16705	1	395000
18	156	4	53.238053	-6.1961522	3	850000
15	101	2	53.374884	-6.4046052	1	255000
16	125	3	53.2736054	-6.2526515	6	595000
4	100	3	53.3388607	-6.2215303	5	750000
13	127	3	53.4006976	-6.1539994	7	350000
10	67	3	53.3405239	-6.364531	7	270000
6	69	2	53.3096545	-6.2784128	1	425000
6	69	2	53.3096545	-6.2784128	1	425000
24	112	3	53.2671365	-6.3668762	6	360000
24	101	3	53.287322	-6.3424906	6	335000
15	67	2	53.3946527	-6.3797578	7	285000
8	89	3	53.3403194	-6.3274423	7	395000
18	158	4	53.2485067	-6.1812241	6	625000
18	158	4	53.257618	-6.1988527	7	595000
14	135	3	53.2982544	-6.223052	3	895000
24	95	3	53.2708467	-6.3677447	7	275000
5	78	3	53.3819676	-6.2053405	6	330000
18	78	2	53.2563086	-6.1496917	1	375000
6	65	2	53.3057017	-6.2458781	7	395000
6	74	3	53.3168022	-6.2538125	7	675000
7	231	8	53.3529566	-6.2973059	7	1050000
3	96	2	53.3571294	-6.2397793	7	450000
8	85	3	53.3347202	-6.2794811	7	450000
4	47	2	53.3435108	-6.2212043	7	325000
7	53	2	53.3568565	-6.2659255	2	299000
15	78	2	53.3926306	-6.4333894	3	275000
20	52	1	53.3493249	-6.3452622	1	220000
24	118	4	53.2789149	-6.3653473	6	375000
24	84	3	53.2944952	-6.3444756	7	275000
9	103	3	53.380118	-6.2272364	7	375000
11	97	3	53.3853995	-6.2708112	6	435000
66	108	3	53.3073483	-6.2987776	6	795000
20	86	3	53.3492974	-6.3690179	6	345000
7	74	3	53.360229	-6.285565	7	340000
3	86	2	53.3559331	-6.2341991	7	375000
5	89	3	53.3757875	-6.2106426	6	385000
7	53	1	53.3488517	-6.2790655	1	295000
4	123	3	53.3274149	-6.2433113	7	900000
4	97	3	53.3353518	-6.2364336	3	895000
5	115	3	53.3763921	-6.1957129	6	570000
8	48	1	53.3415674	-6.32729	1	225000
9	76	2	53.4041122	-6.2600368	1	249950
20	127	4	53.3516108	-6.3535075	6	450000
16	97	2	53.2875593	-6.3141777	3	450000
1	45	1	53.3500122	-6.256174	1	235000
4	185	4	53.3240315	-6.2368457	5	1450000
7	39	1	53.362438	-6.2709618	1	230000
1	44	1	53.3524615	-6.2702534	1	210000
1	48	1	53.3497156	-6.2434861	1	315000
8	54	2	53.3355176	-6.2908539	7	290000
7	42	2	53.3521015	-6.2955451	7	360000
12	86	3	53.3308496	-6.3241601	5	390000
7	156	4	53.3748993	-6.3206586	6	495000
8	61	2	53.3450968	-6.2683925	1	395000
11	100	3	53.39145	-6.3071744	7	259000
3	74	2	53.3525114	-6.2342761	7	315000
1	56	2	53.3549234	-6.252058	5	160000
2	53	2	53.3450186	-6.2481116	7	350000
3	112	3	53.3651142	-6.2416323	7	550000
11	60	2	53.4014922	-6.2945459	1	220000
6	116	3	53.3279244	-6.2554293	7	825000
9	40	2	53.3632677	-6.2601398	7	315000
12	108	3	53.3110377	-6.3332936	5	335000
3	132	3	53.3630426	-6.2139987	6	595000
9	96	3	53.3889728	-6.2478763	6	475000
16	136	4	53.2787759	-6.3025357	5	595000
16	112	3	53.2807009	-6.2427837	1	650000
14	122	3	53.2887061	-6.246909	6	595000
12	90	3	53.3297889	-6.3285026	6	350000
20	333	7	53.3516859	-6.3537582	6	750000
15	82	2	53.3722827	-6.3356878	1	365000
8	72	3	53.3384826	-6.3245971	6	400000
3	207	4	53.3691386	-6.20953	3	975000
3	81	2	53.3683355	-6.1910597	1	390000
1	70	2	53.3492724	-6.2314942	1	375000
16	120	4	53.2815117	-6.3128104	6	525000
5	111	3	53.3874345	-6.1781557	6	425000
14	160	5	53.2913495	-6.2454413	6	825000
24	95	2	53.2999623	-6.3662871	5	275000
2	100	3	53.2893563	-6.6777065	1	595000
15	63	2	53.3922492	-6.4341795	1	205000
6	76	2	53.3292293	-6.2612007	5	490000
6	152	4	53.3280321	-6.2633411	7	895000
13	110	3	53.3894982	-6.1224701	6	475000
3	88	3	53.3664911	-6.1967344	7	650000
6	101	2	53.3128084	-6.2795344	7	640000
18	100	3	53.2598508	-6.1666877	7	550000
22	60	3	53.3210091	-6.4052421	2	315000
9	119	4	53.386448	-6.2311743	6	345000
16	63	2	53.2842769	-6.2967525	1	375000
15	75	2	53.3738933	-6.4024615	7	300000
14	75	2	53.3072572	-6.2424489	1	465000
22	85	3	53.3113023	-6.3643556	6	350000
11	76	2	53.4062988	-6.285191	1	225000
13	105	3	53.4064665	-6.1674971	6	399000
7	96	2	53.3569982	-6.2515831	7	325000
9	11	3	53.3940003	-6.2556779	7	235000
9	106	2	53.3691884	-6.2544102	7	595000
9	68	3	53.3691884	-6.2544102	7	395000
9	117	4	53.3899124	-6.2298142	6	475000
3	70	2	53.3579064	-6.2362974	7	285000
8	52	2	53.337095	-6.296963	7	280000
12	66	2	53.3323409	-6.3162337	7	320000
24	66	2	53.2768996	-6.3797237	1	295000
7	75	3	53.3660478	-6.2923147	6	324950
3	221	4	53.3683381	-6.1942355	3	1350000
3	74	2	53.3637801	-6.2470451	7	325000
2	92	3	53.3312517	-6.2610716	1	495000
8	122	3	53.3415959	-6.3181488	7	495000
16	150	4	53.2794639	-6.2314317	6	625000
5	130	4	53.3808231	-6.1934218	6	495000
14	85	3	53.2900086	-6.2445229	6	625000
8	55	2	53.3425508	-6.2973055	3	345000
14	201	4	53.2940383	-6.3070349	3	1150000
4	223	5	53.3331574	-6.2303195	6	1395000
18	115	3	53.2604725	-6.2092101	7	495000
8	71	2	53.3359833	-6.2944954	7	395000
12	102	4	53.3168703	-6.3316004	5	445000
11	94	3	53.3904892	-6.3209783	7	260000
9	95	3	53.3709799	-6.2597411	5	425000
24	94	3	53.3071908	-6.3640284	2	345000
4	44	2	53.3278892	-6.21089	7	495000
1	60	2	53.3563448	-6.2524136	7	225000
8	121	4	53.34256	-6.3127885	5	500000
15	53	1	53.367551	-6.3579079	1	345000
4	80	2	53.339742	-6.222204	7	545000
15	119	3	53.3778551	-6.3294364	4	385000
7	60	3	53.3648128	-6.3098343	2	395000
14	132	3	53.2904293	-6.2846568	3	600000
13	95	2	53.3718809	-6.0940572	1	900000
22	131	3	53.3455073	-6.3826907	6	325000
14	155	4	53.3022559	-6.2725999	3	745000
6	110	3	53.3052521	-6.2635403	6	830000
9	92	3	53.3734199	-6.2362697	6	545000
9	128	3	53.3857963	-6.2335598	6	385000
12	98	3	53.3347163	-6.3132702	7	299950
7	75	2	53.3513034	-6.2749225	4	295000
22	85	2	53.3176978	-6.4152185	7	234950
12	66	2	53.3204081	-6.3000977	5	315000
7	175	4	53.3595183	-6.2575449	7	449000
16	120	3	53.2820957	-6.3194043	6	495000
1	128	3	53.3490556	-6.2447174	1	650000
15	130	4	53.3798284	-6.3761547	6	500000
13	310	6	53.3920612	-6.1030929	6	1850000
4	97	2	53.3422753	-6.2165132	7	450000
14	74	3	53.2890333	-6.2624911	7	390000
15	78	3	53.3793228	-6.3681449	7	375000
14	160	3	53.2990611	-6.2854647	7	750000
24	110	3	53.2666836	-6.368491	6	350000
24	90	3	53.3037372	-6.3530073	6	290000
6	102	3	53.3087881	-6.2815247	4	475000
4	300	6	53.3263603	-6.2382819	6	2500000
22	122	3	53.3092903	-6.4078445	5	289950
22	150	4	53.3141863	-6.3878374	3	645000
16	103	3	53.2727526	-6.3500111	6	390000
66	115	3	53.3023716	-6.3303539	6	475000
6	62	2	53.3234563	-6.2505421	6	385000
3	62	2	53.3640986	-6.206047	7	435000
24	80	3	53.2792558	-6.409313	6	250000
4	151	4	53.3341362	-6.2203669	6	950000
8	88	2	53.3417178	-6.3201423	5	395000
22	164	4	53.3301722	-6.399298	6	399950
11	93	3	53.4048285	-6.2846823	8	270000
14	95	3	53.3060045	-6.2508604	6	565000
12	81	2	53.3308761	-6.3271206	7	299995
12	93	3	53.3304268	-6.3220201	7	315000
8	65	2	53.3332559	-6.2734008	7	580000
18	78	2	53.2609113	-6.2208715	1	325000
14	93	3	53.294058	-6.2686945	7	550000
5	100	3	53.3813572	-6.1957358	6	475000
9	130	4	53.3768796	-6.2387476	6	625000
6	152	4	53.3216067	-6.2618534	6	1050000
3	266	5	53.3643247	-6.2043234	6	1850000
15	220	5	53.3731489	-6.3775108	3	995000
7	101	4	53.3596811	-6.3014302	5	430000
8	91	2	53.3356863	-6.2918746	7	495000
12	97	5	53.3197952	-6.3278353	6	375000
15	104	3	53.3989728	-6.4022957	6	300000
7	57	2	53.3611354	-6.2625481	7	325000
8	40	1	53.3384386	-6.2906087	7	245000
4	92	2	54.136836	-0.797897	1	799000
14	98	3	53.2938832	-6.2956198	6	625000
6	99	3	53.306789	-6.2772618	7	595000
6	128	3	53.3284277	-6.2620255	7	795000
7	80	3	53.3677112	-6.2925882	5	325000
18	93	3	53.226494	-6.1265227	4	395000
8	85	3	53.334856	-6.2995049	7	385000
14	222	4	53.3018269	-6.2686253	6	1075000
18	90	2	53.2767347	-6.1512743	1	460000
15	110	3	53.4044682	-6.4212999	6	320000
14	74	2	53.2972477	-6.2794049	7	395000
8	205	3	53.3310084	-6.2756288	7	995000
6	140	4	53.3092581	-6.30411	6	620000
16	68	2	53.2854079	-6.2375085	6	395000
7	149	3	53.3596542	-6.272602	5	450000
9	86	3	53.4041122	-6.2600368	1	325000
66	98	3	53.2966902	-6.323543	6	475000
13	148	5	53.3904574	-6.1321577	6	725000
5	90	3	53.3829137	-6.1757535	5	395000
66	178	3	53.3230686	-6.2796713	7	745000
18	215	3	53.2436929	-6.1820132	2	825000
7	95	3	53.3668091	-6.3190891	7	400000
15	115	3	53.3992707	-6.4306098	6	355000
6	77	3	53.3154924	-6.2844895	7	450000
3	87	2	53.3741691	-6.2093647	7	425000
9	98	3	53.3879023	-6.2342715	6	395000
22	84	3	53.3255391	-6.4024956	5	300000
66	137	5	53.3039189	-6.3183047	6	650000
8	38	1	53.3367908	-6.3048756	1	245000
8	63	1	53.3347418	-6.2829637	1	335000
8	150	3	53.3347418	-6.2829637	7	695000
4	83	2	53.3412088	-6.2327441	7	475000
8	105	3	53.3351073	-6.2973954	6	450000
22	92	3	53.320971	-6.4155948	7	320000
8	50	2	53.3399042	-6.2774675	5	295000
4	40	1	53.3316342	-6.236058	1	350000
4	42	2	53.3434337	-6.2206102	8	345000
1	32	1	53.3550483	-6.2513652	7	199000
1	125	4	53.3546498	-6.251798	7	315000
6	49	2	53.3263518	-6.2664287	1	350000
8	52	2	53.3351317	-6.276565	7	370000
8	116	3	53.3332458	-6.2775509	7	795000
66	111	4	53.3005624	-6.313903	6	598000
18	43	1	53.2597904	-6.2230662	1	225000
8	181	6	53.3389496	-6.3214445	7	495000
66	122	3	53.3038258	-6.3095669	2	675000
14	150	4	53.3022497	-6.2728462	6	675000
7	77	2	53.3674569	-6.2988594	6	275000
14	71	2	53.2820864	-6.2438042	1	385000
9	90	3	53.3876615	-6.2495021	6	338000
14	170	5	53.2851962	-6.2277533	3	999000
8	45	1	53.3395804	-6.3194869	1	195000
12	56	2	53.3256781	-6.3039738	7	265000
16	84	3	53.2788755	-6.3286162	6	450000
24	103	4	53.280303	-6.3888516	5	259000
5	78	3	53.3899561	-6.1564715	6	345000
9	128	4	53.3909948	-6.2335784	3	440000
14	154	3	53.2955779	-6.3020933	3	995000
14	82	3	53.3009061	-6.2441465	3	445000
24	95	3	53.2829306	-6.3883414	3	310000
15	51	1	53.3773571	-6.3293197	1	230000
12	71	3	53.3212567	-6.3537337	6	345000
8	40	2	53.3426233	-6.2821525	1	255000
9	93	3	53.389935	-6.2469974	7	365000
18	135	4	53.2312316	-6.1261377	7	595000
15	111	3	53.4102465	-6.4392594	6	365000
18	80	2	53.2400781	-6.1237461	1	315000
8	166	3	53.3393522	-6.251457	7	795000
17	84	3	53.3942281	-6.1986072	7	250000
11	97	3	53.3946517	-6.2852442	6	395000
24	101	3	53.2796338	-6.3986406	5	200000
15	93	2	53.3921644	-6.3683688	4	270000
5	80	3	53.398906	-6.2025781	6	285000
12	76	2	53.3192335	-6.3320966	6	325000
3	69	2	53.3594516	-6.2464628	7	365000
14	96	4	53.3033681	-6.2347382	3	595000
22	87	3	53.3468657	-6.3985551	7	239000
8	91	3	53.3370014	-6.3137971	7	375000
4	129	4	53.3256475	-6.2396662	6	1100000
3	82	2	53.3741564	-6.2230015	5	375000
7	80	3	53.3609125	-6.2610892	7	295000
16	136	5	53.2889109	-6.3120273	6	665000
8	102	3	53.3384744	-6.2737541	7	625000
4	170	3	53.328141	-6.2466436	8	1195000
12	158	4	53.3197743	-6.2907048	6	410000
4	64	2	53.3377312	-6.2320295	5	495000
7	119	4	53.3643943	-6.3169864	6	480000
8	100	3	53.3413523	-6.2788296	1	650000
8	72	2	53.3410109	-6.2799884	7	495000
15	130	4	53.3829169	-6.3719869	6	485000
24	85	2	53.2862166	-6.4011022	2	198000
8	127	5	53.3358172	-6.2950152	7	500000
24	144	5	53.2798173	-6.3561772	5	375000
16	108	3	53.2608171	-6.2950601	2	625000
8	104	2	53.3365237	-6.2691382	5	725000
8	140	3	53.3359513	-6.27485	1	775000
66	135	4	53.3010982	-6.3156186	3	1100000
16	163	4	53.2793603	-6.3011508	6	695000
13	168	3	53.3963038	-6.1281784	7	595000
66	82	3	53.3192035	-6.296614	6	435000
6	185	4	53.3150423	-6.2666105	7	1350000
6	38	1	53.3261051	-6.2602401	7	395000
24	84	3	53.2856549	-6.3785739	7	245000
15	62	1	53.392191	-6.4337003	1	165000
4	38	1	53.3324643	-6.2425468	1	250000
2	70	2	53.3453867	-6.2334255	1	495000
2	72	2	53.3441883	-6.2429563	7	415000
15	104	4	53.3923355	-6.423214	2	320000
8	89	3	53.3360716	-6.2944377	7	425000
10	104	4	53.3376895	-6.3703949	5	325000
8	134	3	53.3329087	-6.2692243	7	875000
24	132	4	53.2688481	-6.3433057	6	475000
15	68	2	53.3740471	-6.3640885	1	275000
4	60	1	53.3292702	-6.2244563	1	369950
8	149	4	53.333525	-6.2729086	7	750000
9	80	3	53.371415	-6.2593742	6	325000
11	101	3	53.3958234	-6.3208166	5	305000
11	87	3	53.387512	-6.2686072	5	395000
22	83	3	53.3209587	-6.4156646	5	319500
7	69	2	53.3519735	-6.2880605	7	365000
8	51	2	53.3360774	-6.3302252	7	290000
16	149	4	53.2745153	-6.3009281	6	580000
22	105	4	53.3404911	-6.4017533	6	250000
8	180	3	53.3317988	-6.2670514	7	1150000
5	98	2	53.3771095	-6.1637013	7	425000
24	101	3	53.2941695	-6.3442547	7	290000
8	149	3	53.3299087	-6.2738675	7	825000
14	800	2	53.2924494	-6.2780494	1	359950
11	128	5	53.3860606	-6.2781804	6	385000
8	130	1	53.335518	-6.3265725	6	330000
4	45	1	53.3360289	-6.2655781	1	300000
15	50	1	53.3782826	-6.3253808	1	235000
9	95	3	53.3910419	-6.2498752	3	450000
4	285	5	53.3209034	-6.2275988	3	2400000
9	152	3	53.3886539	-6.2454116	6	395000
24	90	3	53.2728423	-6.3352861	6	375000
2	39	1	53.3412013	-6.2647211	1	275000
13	68	2	53.3863796	-6.0676177	7	475000
18	137	4	53.2389049	-6.1246118	3	540000
14	131	4	53.294276	-6.2291551	6	740000
14	182	4	53.3068425	-6.238607	2	1200000
8	58	2	53.3380735	-6.2908194	5	350000
66	180	4	53.311629	-6.2872804	7	1050000
15	167	5	53.3794895	-6.3704356	3	810000
11	68	2	53.3987867	-6.2887133	4	215000
15	158	4	53.3773559	-6.3144279	7	545000
6	96	3	53.3267474	-6.2810512	6	510000
8	104	3	53.3333544	-6.2823576	7	650000
12	125	4	53.3115529	-6.3092591	6	525000
5	115	3	53.3823554	-6.1701028	6	590000
24	95	3	53.2831363	-6.4107292	5	260000
12	113	4	53.3180177	-6.3379008	5	395000
18	79	2	53.2776924	-6.2164468	1	399950
4	78	2	53.3315191	-6.2282866	1	495000
8	53	1	53.338898	-6.321499	1	195000
15	76	2	53.3952432	-6.4411456	1	225000
24	78	3	53.288661	-6.4156049	5	220000
7	102	4	53.3717491	-6.3174754	6	495000
4	85	3	53.3375748	-6.2297139	7	595000
18	113	2	53.2453332	-6.183119	1	450000
6	74	3	53.3215713	-6.2649406	6	450000
13	120	3	53.3875346	-6.1048396	2	825000
6	339	5	53.3125454	-6.2680746	6	2950000
15	96	3	53.3764669	-6.3121174	7	395000
9	90	3	53.3912806	-6.2403728	6	310000
14	72	2	53.2905058	-6.2733937	7	375000
14	166	3	53.2981218	-6.2246302	3	925000
9	61	1	53.4041122	-6.2600368	1	240000
24	105	3	53.2795601	-6.3610501	6	375000
6	184	3	53.3289876	-6.2593299	5	1095000
8	958	3	53.3335184	-6.2903039	7	475000
15	130	3	53.3798284	-6.3761547	6	520000
3	101	3	53.3668391	-6.2307643	6	480000
4	196	3	53.3365425	-6.2334036	7	1300000
15	120	3	53.3959957	-6.373284	1	329950
8	118	3	53.3334125	-6.2775156	7	725000
15	68	2	53.3789243	-6.3952037	1	265000
16	107	2	53.2729617	-6.317185	1	350000
12	130	3	53.305705	-6.3325618	6	450000
11	67	2	53.2812319	-6.2760302	1	250000
6	101	3	53.3119416	-6.2904921	5	455000
14	44	1	53.2968104	-6.2788874	1	275000
7	91	2	53.3679501	-6.2869045	5	350000
7	60	2	53.3513177	-6.2747306	1	295000
11	122	3	53.3912439	-6.2634302	6	395000
4	240	4	53.320914	-6.2276008	3	2100000
16	60	2	53.2887303	-6.2421006	1	395000
14	105	3	53.2807009	-6.2427837	6	650000
13	130	4	53.4004315	-6.151047	7	385000
18	127	3	53.2603723	-6.2195537	5	525000
7	35	2	53.3560618	-6.2728301	6	269000
9	82	3	53.3691884	-6.2544102	7	395000
8	52	2	53.3366761	-6.2858419	7	295000
6	101	3	53.3080748	-6.2850287	7	675000
3	89	2	53.3618	-6.2551326	7	330000
5	95	3	53.386243	-6.1663735	6	350000
24	93	3	53.2777153	-6.3929561	5	295000
14	117	3	53.297244	-6.2618399	6	575000
15	106	3	53.377274	-6.316215	7	345000
8	75	2	53.3305401	-6.2684988	7	550000
20	53	2	53.3487036	-6.3439511	5	235000
22	153	5	53.315322	-6.3864282	6	465000
4	59	2	53.3270878	-6.216834	8	445000
4	48	2	53.3433753	-6.2202771	7	380000
15	135	4	53.3760721	-6.3330636	7	495000
24	114	3	53.2990563	-6.3617042	6	370000
3	81	2	53.3566778	-6.235334	7	310000
7	46	2	53.3527913	-6.2911021	7	300000
66	130	4	53.2973793	-6.3139823	6	595000
12	78	2	53.331938	-6.3770368	1	210000
11	70	2	53.3804835	-6.2906337	1	230000
1	61	2	53.3525906	-6.2505868	1	285000
9	48	1	53.3691884	-6.2544102	5	310000
16	77	2	53.2866263	-6.23668	1	395000
9	206	5	53.3802778	-6.2369444	6	630000
14	63	2	53.2929118	-6.2803719	1	350000
12	74	2	53.3304256	-6.299334	7	299950
3	106	4	53.3623384	-6.2400933	7	400000
3	89	3	53.3618467	-6.2393283	7	350000
11	72	3	53.3905616	-6.2944374	5	345000
9	80	2	53.3664884	-6.2597886	7	575000
13	107	3	53.3929302	-6.1593159	7	365000
14	129	4	53.2883148	-6.3032441	6	785000
15	121	3	53.3724551	-6.4034794	6	330000
9	93	3	53.3943386	-6.265549	7	199000
24	95	3	53.2689175	-6.3295489	7	385000
6	122	2	53.3234563	-6.2505421	7	895000
11	139	4	53.4060895	-6.2973958	4	350000
14	136	4	53.2900366	-6.2190272	3	799000
6	152	5	53.3267474	-6.2810512	6	619950
5	84	2	53.3809352	-6.1903388	7	325000
8	96	2	53.3335216	-6.2775004	7	695000
1	50	2	53.360147	-6.2582758	5	279000
14	72	2	53.272445	-6.317998	1	275000
2	86	2	53.344003	-6.2341582	1	700000
9	95	3	53.388043	-6.244457	6	465000
4	117	3	53.3379928	-6.2237978	5	865000
16	107	3	53.2856706	-6.2487622	6	595000
10	61	2	53.3407977	-6.3500637	7	230000
3	100	3	53.3612593	-6.1978348	7	565000
5	105	3	53.3844747	-6.1717019	4	395000
3	82	3	53.3665072	-6.2598909	7	395000
12	109	4	53.3197743	-6.2907048	6	375000
66	149	4	53.3036738	-6.3172292	6	675000
4	201	5	53.3343136	-6.2435623	7	950000
6	105	3	53.3128064	-6.2971883	6	675000
18	161	4	53.2578155	-6.1993592	5	630000
14	60	2	53.3039373	-6.2459114	6	345000
12	92	3	53.3127181	-6.3126017	7	440000
8	41	1	53.3431182	-6.3283564	7	225000
4	405	5	53.3300887	-6.2388127	3	3500000
16	99	3	53.2866086	-6.2382576	1	585000
12	120	3	53.3068435	-6.3297927	7	550000
9	110	4	53.371776	-6.2529044	6	725000
16	105	4	53.2855079	-6.3096437	3	540000
17	87	3	53.4039338	-6.2087414	6	350000
66	172	4	53.3068214	-6.3114173	7	795000
6	42	1	53.3277181	-6.2477728	1	270000
18	110	3	53.2620008	-6.2043663	6	525000
18	124	3	53.2635444	-6.2185095	7	465000
4	75	2	53.3413376	-6.2326475	7	490000
6	1045	3	53.3128128	-6.2943927	6	598000
14	164	4	53.2949951	-6.2303529	6	730000
8	70	2	53.3305046	-6.2682104	7	560000
4	99	3	53.3380414	-6.2388819	4	545000
4	63	2	53.3127403	-6.2270921	7	465000
7	72	3	53.3540192	-6.2921482	7	335000
12	121	3	53.3150417	-6.297465	6	550000
12	74	3	53.3142328	-6.2996535	2	485000
13	104	3	53.4075815	-6.1720488	5	365000
9	140	4	53.3691884	-6.2544102	5	625000
16	99	3	53.2866086	-6.2382576	1	575000
8	46	1	53.338898	-6.321499	1	195000
22	80	3	53.3227235	-6.3783659	7	225000
7	75	2	53.3707292	-6.2972918	5	350000
15	92	2	53.4026249	-6.3914404	1	230000
7	152	5	53.3681444	-6.3186235	6	575000
7	77	2	53.3509449	-6.2860186	7	395000
16	84	2	53.2739667	-6.2538978	1	375000
14	91	3	53.3038493	-6.2845403	6	550000
22	65	3	53.3218117	-6.4052875	2	285000
22	80	3	53.3197069	-6.4141433	6	279000
15	161	4	53.3884048	-6.3826692	6	450000
6	135	4	53.303096	-6.2621914	3	895000
5	71	2	53.3819676	-6.2053405	7	290000
9	75	2	53.3874888	-6.2473118	5	299000
8	74	2	53.3382191	-6.3101878	7	295000
18	141	4	53.2781949	-6.1776847	2	765000
11	85	3	53.3878168	-6.2681223	7	350000
11	130	3	53.3683845	-6.267831	7	700000
14	121	3	53.2960132	-6.2396335	6	685000
24	96	3	53.2888598	-6.3635496	1	350000
7	67	2	53.356401	-6.2705281	5	420000
9	107	3	53.3952718	-6.253053	6	350000
2	70	2	53.3449793	-6.242809	1	475000
8	44	2	53.3437372	-6.2765562	1	260000
5	299	4	53.3740788	-6.199923	3	1300000
12	60	2	53.3311498	-6.2985481	7	285000
3	110	3	53.360241	-6.2407825	7	375000
7	102	3	53.3705567	-6.323507	6	485000
18	60	2	53.2500367	-6.1786733	1	269000
18	221	4	53.2701899	-6.1700578	3	1125000
12	76	2	53.3294256	-6.349202	6	400000
18	136	4	53.2755069	-6.1644907	6	650000
6	38	1	53.3274436	-6.2552825	1	285000
2	543	5	53.3344782	-6.2534872	7	3000000
18	235	5	53.2774256	-6.1678568	6	895000
4	279	4	53.3290973	-6.2123163	6	3500000
6	137	3	53.3086182	-6.2797271	6	950000
24	85	3	53.2917377	-6.3927289	5	270000
6	135	2	53.3268358	-6.2474813	7	1275000
24	125	3	53.288938	-6.3506055	2	380000
3	137	3	53.3661837	-6.22836	7	550000
15	96	3	53.3889952	-6.4241678	6	340000
6	76	3	53.3058215	-6.2636796	5	475000
1	74	2	53.3466154	-6.2652045	1	450000
12	72	2	53.3238595	-6.3205785	7	280000
13	146	3	53.3839411	-6.0670781	5	750000
18	145	3	53.2684116	-6.2441373	4	425000
3	75	2	53.3570548	-6.2375983	7	425000
12	56	2	53.3327028	-6.3257644	5	290000
8	118	3	53.3351913	-6.2699858	5	600000
5	82	3	53.3890055	-6.198767	6	360000
12	100	3	53.3128751	-6.3013087	7	550000
12	62	2	53.3275812	-6.3037719	7	270000
16	90	3	53.2807009	-6.2427837	7	545000
7	105	3	53.3574619	-6.2914336	6	480000
15	93	2	53.3674026	-6.361866	1	555000
24	86	3	53.2773687	-6.3444411	6	375000
6	174	4	53.3244759	-6.2782754	5	750000
5	118	3	53.3863803	-6.2023067	6	445000
24	89	3	53.2814597	-6.3317229	6	425000
14	75	3	53.291007	-6.2631052	7	395000
9	90	3	53.3939324	-6.2549319	5	245000
18	260	5	53.2655778	-6.1513912	3	1150000
15	125	4	53.3857375	-6.3879368	6	445000
3	456	9	53.3627422	-6.2108347	3	2750000
9	168	4	53.399178	-6.2296225	3	460000
5	98	4	53.3860559	-6.2161727	6	425000
15	98	3	53.3901982	-6.4252863	3	375000
5	111	4	53.3839287	-6.157767	3	490000
6	129	3	53.3208409	-6.2690378	6	915000
4	135	3	53.3318413	-6.2414512	7	995000
7	130	3	53.3576274	-6.2885309	7	695000
16	82	4	53.2739324	-6.2618346	6	495000
3	55	2	53.3546031	-6.2303271	7	290000
7	120	3	53.3674569	-6.2988594	7	450000
16	68	2	53.2798958	-6.3258773	7	360000
13	127	3	53.406204	-6.1726041	5	350000
11	82	3	53.3690275	-6.2795876	7	340000
24	103	3	53.2709299	-6.3748665	7	270000
13	136	3	53.3871284	-6.1404489	5	535000
14	63	2	53.2842769	-6.2967525	1	395000
3	47	1	53.3549576	-6.2357928	1	260000
8	80	2	53.3363159	-6.2710141	7	395000
6	154	4	53.3069881	-6.3209936	6	575000
3	101	4	53.353617	-6.2371745	7	370000
15	113	3	53.4018386	-6.4115692	6	325000
18	202	4	53.2625653	-6.1699526	3	850000
12	101	3	53.3340099	-6.325002	7	345000
66	90	3	53.3186011	-6.2888335	7	399950
2	90	3	53.3464976	-6.2479348	7	450000
14	58	2	53.2937469	-6.2798648	7	385000
24	100	3	53.2869237	-6.3832331	7	249000
8	36	2	53.3411749	-6.3061364	5	120000
14	132	4	53.3016206	-6.2613271	6	735000
7	56	2	53.3583008	-6.2524133	8	310000
14	85	2	53.3011636	-6.2449132	5	485000
6	84	3	53.3129477	-6.2804637	7	595000
4	93	2	53.3228514	-6.2348604	3	850000
15	107	3	53.3744008	-6.3947101	6	475000
3	60	2	53.3541642	-6.2348758	7	295000
15	274	4	53.3438812	-6.4528098	6	975000
1	90	2	53.3498134	-6.2446272	1	375000
4	120	3	53.3328993	-6.2914058	4	865000
13	70	2	53.4020648	-6.1400624	1	350000
12	55	2	53.3157965	-6.3101482	1	275000
14	118	3	53.2908253	-6.2514691	6	695000
16	101	3	53.2733444	-6.3143767	7	475000
15	79	2	53.376398	-6.4018562	1	280000
22	92	3	53.3244965	-6.3797584	7	280000
24	144	3	53.2700459	-6.3415907	6	445000
8	42	1	53.3414811	-6.2987634	1	225000
18	101	3	53.2264453	-6.1220697	6	485000
3	54	2	53.37487	-6.2146347	7	310000
6	58	2	53.3267474	-6.2810512	7	425000
6	43	1	53.3117562	-6.2724124	1	265000
3	95	3	53.3733124	-6.2560322	5	675000
15	121	3	53.3997703	-6.4112282	6	385000
12	75	3	53.3189451	-6.2977539	7	349950
66	312	5	53.3075779	-6.2937342	6	1900000
15	113	4	53.3736415	-6.3830433	6	525000
1	64	2	53.3542318	-6.2569876	1	350000
11	136	3	53.3772552	-6.2741487	6	725000
6	100	3	53.3089267	-6.3121592	4	410000
4	54	1	53.3385555	-6.2347141	1	350000
8	75	2	53.3304414	-6.2676054	7	450000
22	75	3	53.3377	-6.4040737	5	260000
2	69	2	53.3451256	-6.2366184	1	425000
66	188	3	53.3021778	-6.3091748	3	895000
7	110	3	53.3601154	-6.2699366	7	485000
22	90	3	53.3152862	-6.3957723	7	265000
6	287	5	53.3073343	-6.2760379	3	2100000
24	145	4	53.2770598	-6.3401734	6	495000
11	108	3	53.3888358	-6.2766757	6	425000
5	119	4	53.3857909	-6.1460983	2	595000
5	95	3	53.3845484	-6.2107255	6	395000
6	105	3	53.326559	-6.2747435	7	440000
7	80	3	53.3627368	-6.2784592	7	550000
9	167	5	53.40077	-6.2369115	6	495000
4	191	5	53.3258769	-6.2166525	5	895000
14	108	3	53.2835365	-6.2476649	6	525000
18	253	6	53.251062	-6.2080721	3	895000
12	109	3	53.3275812	-6.3037719	5	325000
13	62	2	53.4045882	-6.1759617	1	245000
14	140	4	53.29541	-6.25852	7	645000
13	161	4	53.3861095	-6.0969754	3	975000
4	102	3	53.3256677	-6.2209039	2	825000
8	76	2	53.341085	-6.3017277	1	295000
18	158	4	53.2686132	-6.2458156	4	479950
16	127	4	53.2789524	-6.2393206	6	695000
7	67	2	53.3701271	-6.2943461	5	350000
12	121	3	53.3076986	-6.3397175	5	395000
11	120	4	53.3927535	-6.2813352	3	480000
5	95	3	53.3873912	-6.2212781	6	365000
4	53	1	53.332415	-6.2425759	1	265000
14	147	4	53.2876709	-6.3035501	6	600000
4	93	2	53.3151442	-6.2326556	7	585000
3	113	3	53.3760586	-6.2266379	7	495000
9	122	4	53.3719167	-6.2662516	6	495000
15	106	3	53.4102465	-6.4392594	6	375000
3	73	3	53.3753863	-6.2128591	6	325000
14	104	4	53.3017761	-6.2778296	6	725000
1	41	1	53.3606737	-6.2618653	1	225000
15	78	2	53.394667	-6.3705176	1	235000
16	135	4	53.2813468	-6.2768998	6	635000
5	117	3	53.3725659	-6.1997582	5	640000
14	80	3	53.2822876	-6.2640919	6	425000
8	41	1	53.3384744	-6.2737541	1	280000
15	70	2	53.3776752	-6.3253999	1	289950
6	193	4	53.3130436	-6.281866	7	1100000
15	120	3	53.4017315	-6.3821518	6	295000
4	255	4	53.3281288	-6.2431568	5	1950000
14	89	2	53.2845812	-6.2458215	2	495000
12	84	3	53.3295227	-6.3243606	5	320000
6	178	3	53.3156372	-6.2813712	7	950000
66	189	4	53.3155849	-6.2814284	7	950000
3	92	3	53.3723259	-6.2368304	6	550000
8	86	3	53.3325704	-6.2884938	7	495000
8	100	2	53.3399246	-6.2677826	1	545000
5	76	3	53.3738817	-6.2094778	5	385000
18	108	2	53.262479	-6.223733	4	310000
9	137	4	53.3691884	-6.2544102	6	675000
16	114	3	53.2981864	-6.2856597	6	575000
4	66	2	53.3396762	-6.2336273	5	425000
7	62	2	53.3585645	-6.2760893	7	385000
20	48	2	53.349034	-6.3444007	7	199950
14	140	5	53.2905584	-6.2239756	3	845000
6	84	2	53.3084653	-6.2695361	1	615000
14	102	3	53.2990275	-6.2881262	1	525000
7	53	2	53.3603805	-6.26234	7	275000
16	126	3	53.2751961	-6.2465793	6	595000
6	182	5	53.3144108	-6.2658133	7	1275000
11	74	2	53.3936652	-6.2825521	6	325000
16	102	3	53.2733566	-6.3243017	6	450000
3	188	4	53.3770987	-6.2581229	6	930000
9	82	3	53.3818972	-6.235661	6	395000
12	71	3	53.3329231	-6.3154313	7	320000
10	6	2	53.3381068	-6.3473891	7	225000
12	75	2	53.3196779	-6.3043998	7	299950
66	107	3	53.3135058	-6.29732	6	595000
11	79	2	53.3927535	-6.2813352	3	325000
11	79	2	53.3927535	-6.2813352	2	325000
11	91	3	53.3890667	-6.2826827	7	335000
14	137	4	53.2989024	-6.2847386	4	495000
24	92	3	53.2757801	-6.3663865	6	349000
24	92	3	53.2757801	-6.3663865	6	349000
8	72	2	53.3406829	-6.2688477	1	450000
66	222	4	53.3021684	-6.3025399	6	1195000
18	124	4	53.2670297	-6.1842485	6	675000
5	95	3	53.3901941	-6.18094	6	350000
8	79	2	53.33327	-6.2784053	7	640000
6	37	2	53.3284166	-6.2749376	7	355000
5	91	3	53.3824515	-6.1902153	5	285000
3	110	3	53.367651	-6.1967169	6	655000
18	64	2	53.2504298	-6.1439227	1	275000
5	81	2	53.3768446	-6.1627063	7	400000
2	81	2	53.344003	-6.2341582	1	690000
24	147	3	53.2974792	-6.3822814	3	390000
14	187	4	53.2946359	-6.298132	3	795000
16	80	2	53.2739667	-6.2538978	1	380000
8	92	2	53.3338173	-6.2693876	7	675000
18	248	3	53.2667203	-6.1841761	1	1750000
8	77	2	53.3303016	-6.2681977	7	575000
13	117	3	53.3934973	-6.1301968	5	400000
8	80	3	53.3355714	-6.2801914	5	425000
18	80	3	53.2395925	-6.1218234	7	385000
3	227	4	53.3651783	-6.2147827	7	1200000
2	90	3	53.3319689	-6.2543591	8	725000
15	87	3	53.3784473	-6.3599828	6	495000
15	135	4	53.3896986	-6.4432806	3	475000
12	56	2	53.3275812	-6.3037719	7	230000
66	297	4	53.3021039	-6.3027048	3	1400000
6	71	2	53.3113175	-6.2717959	2	695000
6	306	4	53.3224215	-6.2652852	7	3100000
11	90	3	53.3831741	-6.3151499	7	189950
1	58	3	53.3603283	-6.258982	7	260000
8	104	2	53.3344834	-6.2726787	7	695000
9	90	3	53.3816671	-6.2373304	6	425000
2	149	3	53.3318906	-6.2545206	5	1100000
11	80	3	53.3894676	-6.2979182	7	235000
66	98	3	53.3178262	-6.2843339	6	760000
2	61	2	53.3407772	-6.2426624	7	390000
9	241	5	53.3660541	-6.2680823	6	1495000
11	117	3	53.4011118	-6.2951171	4	269950
8	106	3	53.3365396	-6.3030074	7	395000
66	104	3	53.3024581	-6.3314409	6	495000
6	226	3	53.314454	-6.2426873	6	1350000
5	122	3	53.38434	-6.1613369	6	390000
4	50	2	53.3409846	-6.234508	7	450000
13	60	2	53.3993767	-6.1465473	1	250000
6	77	2	53.2987004	-6.2803537	1	450000
22	125	3	53.3125684	-6.3987449	6	349950
15	115	3	53.3870143	-6.377285	4	250000
11	62	2	53.3873535	-6.2695	1	265000
3	55	2	53.3604713	-6.2415464	7	280000
14	90	3	53.2890042	-6.2612592	7	369000
6	270	6	53.3174439	-6.2767878	6	1450000
1	160	4	53.3531757	-6.2494512	5	415000
5	132	3	53.3782593	-6.1691397	6	595000
7	105	3	53.3650891	-6.2781869	7	720000
2	48	1	53.345754	-6.254933	1	295000
24	117	3	53.2835577	-6.3389853	6	390000
14	92	3	53.2747737	-6.304137	7	425000
14	168	5	53.293727	-6.3043967	6	780000
4	102	2	53.327747	-6.2394308	7	795000
13	176	5	53.3898214	-6.1200714	3	850000
15	106	3	53.3728525	-6.3876614	6	425000
18	138	3	53.2566735	-6.1498759	4	545000
15	78	2	53.3724586	-6.3606521	2	440000
3	95	3	53.3564139	-6.2334078	5	370000
15	143	4	53.3806339	-6.3922467	6	465000
15	143	4	53.3806339	-6.3922467	6	465000
1	75	2	53.3493118	-6.2423579	1	385000
24	105	3	53.2709235	-6.3742554	6	285000
4	225	5	53.3181309	-6.2354326	7	1695000
6	260	4	53.3131436	-6.2704868	7	1450000
9	85	3	53.3680802	-6.2595563	6	350000
17	100	4	53.4012193	-6.2058962	7	295000
8	88	2	53.3351906	-6.2926884	7	425000
1	65	2	53.3540612	-6.2484982	7	295000
4	70	1	53.3403384	-6.2348947	7	425000
16	132	4	53.2718807	-6.3287941	3	420000
11	85	3	53.3865823	-6.3173513	7	225000
14	245	5	53.2954342	-6.2234758	6	1375000
18	95	3	53.2310665	-6.1254202	6	549000
4	115	2	54.136836	-0.797897	1	850000
9	87	2	53.3691884	-6.2544102	7	545000
22	67	2	53.3196623	-6.3817133	1	235000
20	49	2	53.3513762	-6.3462178	1	275000
9	68	3	53.372776	-6.2598278	5	375000
16	173	5	53.2767907	-6.3182484	3	775000
7	72	2	53.3509569	-6.2893045	7	395000
15	123	4	53.3864715	-6.4226703	6	380000
3	180	5	53.3587173	-6.24762	7	450000
8	85	3	53.3393584	-6.318612	7	325000
9	94	3	53.3911407	-6.2295188	7	375000
24	117	4	53.300967	-6.3774106	6	390000
6	205	4	53.3260812	-6.2501344	7	1700000
15	180	7	53.4005836	-6.3690357	6	420000
9	120	4	53.3642113	-6.267022	7	495000
16	99	3	53.2729919	-6.3246406	6	450000
24	50	1	53.2752006	-6.4123312	1	190000
5	88	3	53.3850495	-6.1903478	6	425000
18	90	3	53.261027	-6.2095869	5	465000
15	170	5	53.3714402	-6.3663366	3	850000
24	90	3	53.2712342	-6.3521663	5	350000
9	85	2	53.371776	-6.2529044	7	335000
7	67	2	53.3586624	-6.2757339	5	450000
8	60	2	53.3342368	-6.2758875	1	295000
2	199	3	53.3357818	-6.2541413	8	1800000
5	102	3	53.3823576	-6.2063723	6	490000
13	80	3	53.3936003	-6.1324312	5	430000
8	89	3	53.3364877	-6.3029909	7	425000
18	210	5	53.2510926	-6.1400035	2	750000
12	81	3	53.320755	-6.3367254	7	350000
16	157	3	53.2756772	-6.3309035	6	575000
6	242	5	53.3121222	-6.2785104	7	1350000
6	210	5	53.3207538	-6.2576786	3	1195000
3	144	4	53.3674245	-6.2404887	3	565000
6	167	4	53.3158908	-6.2660336	5	825000
5	90	3	53.3819676	-6.2053405	6	330000
15	94	3	53.3928544	-6.414874	6	300000
22	120	3	53.3160747	-6.3946878	6	435000
22	95	3	53.3187312	-6.4014614	6	390000
5	84	3	53.3787604	-6.1747833	7	425000
9	129	3	53.3621006	-6.260656	5	525000
18	69	2	53.2784821	-6.2164553	1	335000
2	40	1	53.3451256	-6.2366184	1	350000
24	54	2	53.2853886	-6.3775973	1	179000
14	108	3	53.2950732	-6.2857084	6	550000
8	78	2	53.3418042	-6.2697852	1	465000
3	112	4	53.365906	-6.1795002	6	850000
11	76	3	53.3828556	-6.2810851	7	325000
4	87	3	53.3422252	-6.2360342	1	625000
6	55	2	53.3287291	-6.2616381	7	525000
24	111	3	53.2835653	-6.3895666	5	349950
66	109	3	53.3028567	-6.3278504	6	499000
66	110	3	53.3016303	-6.3238549	6	450000
15	92	3	53.3781253	-6.3598352	6	495000
8	83	2	53.3423374	-6.3094157	1	395000
9	176	4	53.3783037	-6.2619003	6	975000
15	116	3	53.3989138	-6.4284779	7	369000
3	79	3	53.3668386	-6.2372113	7	395000
4	228	5	53.3211975	-6.2349276	6	1600000
6	237	4	53.3151318	-6.2767753	7	1425000
5	83	3	53.4005278	-6.2031347	7	275000
11	150	4	53.3686685	-6.2640148	6	795000
6	352	4	53.3281754	-6.2511922	5	3950000
9	98	3	53.3915851	-6.2409011	6	440000
12	94	3	53.3108789	-6.3399843	7	350000
6	446	5	53.321258	-6.2470679	6	4500000
3	136	4	53.3646384	-6.1864811	3	895000
5	87	3	53.3779168	-6.2000931	7	440000
15	197	5	53.4341007	-6.3781898	6	460000
15	91	2	53.3740682	-6.4067539	4	280000
7	140	5	53.3706324	-6.3249595	6	575000
11	116	3	53.3895151	-6.2806502	6	449000
11	81	3	53.3990135	-6.2707749	7	225000
11	159	3	53.3899677	-6.2682745	6	495000
2	68	2	53.331258	-6.261051	1	450000
11	93	3	53.4010168	-6.3053161	7	250000
6	120	4	53.3224215	-6.2652852	3	1175000
66	240	5	53.3059471	-6.2863768	6	1500000
22	91	3	53.3207371	-6.3775681	6	299950
66	119	3	53.2997962	-6.3191307	6	525000
24	86	3	53.2758222	-6.3789154	7	199950
14	85	3	53.2934226	-6.2617285	7	450000
5	137	3	53.3752965	-6.181283	7	575000
16	80	2	53.2772425	-6.2509932	1	375000
12	59	2	53.3275812	-6.3037719	6	275000
18	118	2	53.2452717	-6.183167	1	445000
24	72	2	53.27035	-6.3771	1	199950
4	73	2	53.3331182	-6.2479228	1	395000
6	240	5	53.3224215	-6.2652852	6	1625000
3	91	3	53.3683	-6.2333486	7	420000
2	205	3	53.3436139	-6.2415305	7	1100000
6	81	2	53.3127616	-6.249419	1	545000
6	185	4	53.3173296	-6.2778377	7	1275000
8	56	2	53.3339444	-6.2750833	1	350000
24	92	3	53.2827347	-6.3506446	7	310000
5	80	2	53.3766795	-6.1620277	7	395000
24	86	3	53.2964405	-6.3461424	7	299950
12	63	2	53.3170633	-6.3352243	6	330000
1	67	2	53.3525906	-6.2505868	1	345000
16	130	4	53.2858305	-6.2503454	3	795000
24	74	2	53.2853933	-6.3776031	1	215000
11	76	3	53.3910593	-6.29501	7	230000
8	73	3	53.3388994	-6.3137688	7	375000
3	93	3	53.3551637	-6.2355683	7	360000
4	144	5	53.3338693	-6.2347175	6	1150000
9	100	2	53.3886127	-6.2521893	7	345000
4	103	3	53.333569	-6.2125161	5	875000
24	90	3	53.3076706	-6.3661878	6	349000
9	190	4	53.3825892	-6.2454171	6	675000
12	80	2	53.3343253	-6.3051226	7	330000
7	261	3	53.359251	-6.2599869	7	795000
13	155	4	53.3897774	-6.1087369	3	650000
14	118	3	53.2962221	-6.2258484	1	800000
18	71	2	53.2601499	-6.2178761	4	285000
66	61	2	53.3280749	-6.2774077	1	295000
9	93	2	53.3712864	-6.2502319	7	535000
12	72	3	53.3173272	-6.3289132	2	380000
17	109	4	53.3995536	-6.1926624	7	195000
24	100	3	53.2713799	-6.3698797	7	265000
17	128	3	53.4023191	-6.2135956	6	380000
5	69	3	53.3857271	-6.1599767	7	320000
8	62	2	53.3373915	-6.3042515	7	375000
12	121	3	53.3099366	-6.3322638	5	410000
9	98	3	53.3828631	-6.2461224	7	390000
24	85	3	53.2933911	-6.3869273	6	300000
18	111	3	53.2680456	-6.1446541	6	625000
14	80	3	53.2826674	-6.2635242	3	495000
11	60	2	53.4007995	-6.293636	1	195000
6	220	4	53.3266284	-6.2597014	7	1250000
8	39	1	53.3370582	-6.2956469	7	285000
14	112	3	53.3032815	-6.2244451	6	635000
15	60	2	53.4102465	-6.4392594	1	225000
22	59	2	53.3458031	-6.3991984	1	175000
8	152	4	53.3354819	-6.294909	7	450000
7	106	3	53.3599941	-6.2618483	5	380000
14	72	3	53.2893243	-6.2590045	6	450000
12	72	3	53.3173248	-6.3287389	3	450000
3	98	3	53.3623387	-6.2581043	7	550000
20	136	4	53.3505641	-6.3706346	5	375000
14	78	2	53.289502	-6.2718793	5	398000
22	102	3	53.3120849	-6.4026181	7	325000
9	113	3	53.3897946	-6.2428556	6	365000
2	59	2	53.3457034	-6.2550442	1	375000
7	61	2	53.35661	-6.2659554	1	280000
4	63	2	53.3405071	-6.2262763	1	385000
5	96	3	53.3875666	-6.2227907	6	370000
2	245	4	53.3461	-6.2616965	4	945000
16	150	4	53.2751369	-6.2518442	5	525000
22	153	4	53.3090557	-6.4060971	6	449950
15	67	2	53.3966588	-6.4387904	1	205000
13	188	4	53.4062259	-6.1717192	5	450000
5	80	2	53.3874757	-6.2009035	7	300000
24	101	3	53.2739387	-6.3340299	6	389000
12	145	3	53.315184	-6.3154926	6	660000
22	82	3	53.327872	-6.4217218	5	259950
3	86	3	53.3633072	-6.2483973	7	475000
6	62	2	53.3151802	-6.2730636	7	525000
8	108	4	53.3341474	-6.27869	5	650000
7	100	3	53.3631514	-6.304984	6	470000
18	113	3	53.2630386	-6.2064347	6	540000
14	205	4	53.2913495	-6.2454413	6	1150000
3	208	5	53.3641257	-6.2185266	7	1100000
9	191	4	53.371776	-6.2529044	7	825000
4	102	2	53.3344316	-6.2332949	5	875000
4	249	3	53.3361959	-6.2203205	7	1300000
8	42	2	53.3436775	-6.3286298	7	225000
14	108	3	53.2905397	-6.2984258	6	625000
12	94	3	53.3293021	-6.3020966	7	325000
9	67	3	53.3741315	-6.2588461	7	350000
6	323	5	53.3129461	-6.258108	6	2195000
8	57	2	53.3347292	-6.290106	7	335000
14	56	2	53.2916633	-6.2903042	2	450000
17	98	3	53.399003	-6.2136192	6	345000
8	49	2	53.3411665	-6.3031697	7	335000
18	160	4	53.2688362	-6.1605743	3	730000
16	94	4	53.2793728	-6.2672771	6	545000
4	43	1	53.3247831	-6.2077502	1	325000
5	114	3	53.3929254	-6.2136719	6	395000
3	121	4	53.3700194	-6.195988	6	770000
22	76	3	53.3234516	-6.4213288	7	265000
9	143	3	53.4009099	-6.2305486	6	425000
15	91	3	53.3738351	-6.4069565	5	350000
3	80	2	53.3558058	-6.2319767	7	325000
18	100	4	53.2627024	-6.223267	7	485000
11	145	3	53.3661758	-6.2624504	7	625000
6	176	4	53.3122708	-6.2865199	7	795000
16	97	3	53.2708772	-6.3306037	3	405000
16	176	4	53.2824208	-6.3154034	3	675000
1	65	2	53.3498134	-6.2446272	1	355000
15	105	3	53.3870142	-6.3919611	6	370000
20	62	2	53.3433929	-6.3384955	1	225000
24	70	2	53.2862932	-6.375471	1	250000
4	34	1	53.3411826	-6.2254554	1	235000
4	31	1	53.3411826	-6.2254554	1	240000
24	90	3	53.2729664	-6.3680809	6	319000
15	176	5	53.3689215	-6.3577066	3	1150000
3	116	3	53.3748786	-6.2469759	7	675000
16	73	2	53.2702038	-6.3287835	4	285000
2	43	1	53.3442985	-6.2488871	1	250000
15	116	3	53.385679	-6.374582	4	295000
14	82	3	53.3025987	-6.2853513	6	550000
22	55	1	53.3370625	-6.378879	1	150000
24	91	3	53.2693108	-6.369902	5	295000
2	468	4	53.3382419	-6.2477227	5	2650000
4	65	2	53.3206548	-6.2078872	7	470000
4	42	2	53.3435596	-6.2267154	5	340000
24	98	3	53.284722	-6.3882843	5	325000
6	157	4	53.3092955	-6.2572248	6	1100000
4	73	2	53.3398212	-6.2326497	7	475000
12	77	3	53.3128266	-6.3322575	5	395000
1	92	3	53.3580881	-6.2541859	7	395000
13	100	4	53.3935888	-6.1897673	6	425000
16	84	2	53.2881195	-6.2458197	1	375000
22	109	3	53.3186765	-6.3872805	6	350000
7	128	3	53.3613324	-6.3037949	6	450000
15	108	4	53.3826175	-6.4162744	6	399000
9	90	4	53.3973758	-6.2731443	7	230000
9	116	4	53.3840589	-6.2498348	3	475000
2	70	2	53.3493534	-6.242606	1	350000
7	72	2	53.3548173	-6.292259	7	420000
11	178	3	53.3660768	-6.2625285	7	775000
9	94	5	53.3988768	-6.2705522	6	229000
11	77	4	53.3916111	-6.2969404	2	370000
11	77	4	53.3916111	-6.2969404	6	370000
5	119	3	53.3753861	-6.2040457	3	699000
12	123	3	53.3118104	-6.3250482	5	385000
9	116	4	53.3904063	-6.256751	6	450000
11	144	4	53.406434	-6.2908779	7	335000
10	63	2	53.3369993	-6.3817887	1	179950
8	90	2	53.3348376	-6.2776797	5	500000
4	178	3	53.3374689	-6.2357855	7	975000
6	58	2	53.3245381	-6.2622429	5	495000
7	60	2	53.3504138	-6.2780647	1	275000
4	288	4	53.3297451	-6.2420588	7	2750000
66	131	3	53.3017886	-6.2965723	1	595000
12	81	2	53.3275812	-6.3037719	5	320000
3	140	4	53.3648658	-6.2046006	6	695000
11	48	1	53.4045062	-6.286146	1	165000
14	96	3	53.2913495	-6.2454413	7	725000
6	109	2	53.3139984	-6.2504575	1	675000
18	68	2	53.2613316	-6.2245135	1	295000
3	75	2	53.355603	-6.2385773	7	360000
3	80	3	53.380501	-6.2329408	6	405000
4	108	3	53.3383085	-6.2278468	7	675000
14	145	3	53.2988628	-6.2623823	6	725000
8	152	5	53.333968	-6.2720639	7	725000
17	107	3	53.402357	-6.2130142	6	380000
4	136	4	53.3172706	-6.2207554	6	1375000
8	140	4	53.3318258	-6.2719761	5	695000
6	51	1	53.312273	-6.2491832	1	365000
13	70	2	53.4067	-6.1709634	1	269950
13	94	3	53.3989668	-6.1705144	6	375000
9	75	2	53.3857234	-6.2488073	7	350000
6	304	5	53.3190947	-6.2712937	7	1100000
17	110	4	53.3973409	-6.1989161	7	375000
24	92	3	53.2744916	-6.3333077	6	385000
8	64	2	53.3379202	-6.3046884	7	350000
5	77	2	53.3729306	-6.2029231	2	595000
9	152	5	53.3802778	-6.2369444	6	500000
7	98	3	53.3709187	-6.3033161	7	324950
8	140	3	53.3390724	-6.3061488	3	795000
18	110	3	53.226494	-6.1265227	3	545000
66	124	4	53.3120739	-6.282313	7	575000
15	76	2	53.3809586	-6.4028497	1	225000
4	198	3	53.3257714	-6.2170435	5	1150000
4	38	1	53.3324643	-6.2425468	1	250000
3	102	3	53.3676496	-6.2310941	7	395000
13	70	2	53.3801118	-6.0605789	1	380000
6	256	5	53.3017886	-6.2965723	3	1250000
6	90	3	53.3285042	-6.2597781	6	650000
12	102	4	53.3168701	-6.3321957	5	450000
8	46	2	53.3393152	-6.2728018	1	295000
6	69	2	53.3071911	-6.2807918	1	395000
24	80	2	53.2722893	-6.3834501	7	315000
8	50	3	53.3360986	-6.2856575	7	325000
18	99	3	53.2762866	-6.1707217	7	595000
5	120	3	53.3863861	-6.16456	6	420000
14	120	4	53.3004978	-6.2838544	6	525000
2	68	2	53.3393362	-6.2436839	1	400000
7	60	2	53.3584617	-6.2759285	7	325000
6	91	2	53.3268164	-6.2738083	7	565000
8	75	3	53.3415678	-6.2800736	7	325000
4	35	1	53.3263013	-6.2441204	1	297500
8	54	2	53.3423029	-6.2794926	1	285000
15	1140	5	53.3712684	-6.4034733	3	2495000
8	100	3	53.3364411	-6.2891859	6	445000
18	130	3	53.2693198	-6.222674	6	685000
1	85	3	53.3550021	-6.2561705	7	435000
4	109	3	53.3410434	-6.2149083	7	559950
4	95	2	53.3245869	-6.2233502	1	850000
9	93	3	53.3902052	-6.2406488	6	400000
9	105	3	53.3944473	-6.2445829	6	350000
15	70	2	53.3961187	-6.4246534	7	260000
6	63	2	53.3118333	-6.2769177	1	375000
8	60	2	53.3369909	-6.3298449	7	295000
15	100	3	53.4198454	-6.3829136	6	295000
18	79	2	53.2694538	-6.2447925	1	295000
3	133	5	53.3588286	-6.2478157	5	450000
7	67	2	53.3614409	-6.2719542	4	330000
14	123	4	53.2716161	-6.3154504	6	520000
14	170	5	53.292737	-6.2432347	6	875000
8	60	2	53.3390313	-6.3196543	1	240000
7	48	2	53.3570053	-6.2509896	7	238000
6	84	3	53.3119124	-6.2789455	5	625000
6	265	4	53.3166079	-6.2396355	5	1700000
6	121	4	53.3049243	-6.3077509	6	520000
6	175	4	53.30763	-6.279262	6	1095000
11	98	3	53.3657029	-6.2734407	7	475000
8	76	2	53.3388279	-6.3051581	1	345000
16	155	4	53.2814909	-6.2512922	6	650000
18	50	1	53.2768805	-6.2169303	1	275000
1	67	2	53.3494306	-6.2386257	1	395000
18	105	3	53.2468969	-6.1824043	5	550000
15	90	2	53.3955811	-6.3717246	4	260000
7	71	3	53.3658732	-6.2863703	7	350000
18	50	1	53.276225	-6.2207062	1	295000
16	95	3	53.2763362	-6.2524816	1	425000
7	76	3	53.3680802	-6.2897917	7	345000
10	80	2	53.337493	-6.3815498	1	219950
9	82	2	53.3774656	-6.2246736	6	329000
24	56	2	53.2702396	-6.3714219	1	225000
12	79	3	53.3166958	-6.2928912	6	395000
6	142	4	53.3234563	-6.2505421	6	1395000
7	101	2	53.3619275	-6.2808057	5	450000
5	240	4	53.3811226	-6.1546535	6	1200000
3	110	4	53.3693388	-6.2334275	5	575000
2	60	2	53.3405521	-6.2425069	7	395000
14	91	3	53.2898445	-6.2744072	7	395000
24	98	3	53.2711086	-6.3700938	5	279000
5	98	3	53.3771711	-6.1837426	7	450000
12	96	3	53.3275812	-6.3037719	7	375000
15	64	2	53.3993929	-6.436471	1	225000
9	80	3	53.3896324	-6.2619449	6	345000
7	100	3	53.3504138	-6.2780647	1	475000
5	101	3	53.3937177	-6.2252367	5	295000
12	75	2	53.3257735	-6.3025417	7	225000
14	94	3	53.3038392	-6.2755102	6	625000
4	135	3	53.3401471	-6.2242839	7	775000
9	74	3	53.3734212	-6.261381	5	350000
6	320	5	53.3130382	-6.2690253	3	2395000
9	185	4	53.3676087	-6.259398	7	850000
6	253	4	53.3174211	-6.2733754	5	1350000
18	112	4	53.2274368	-6.126188	7	560000
24	89	3	53.2957385	-6.3461197	6	270000
16	131	3	53.2754109	-6.2822343	2	650000
5	87	2	53.3750391	-6.1945096	1	550000
16	122	3	53.2765991	-6.2534592	6	495000
7	74	2	53.3681777	-6.2897744	7	335000
6	164	3	53.3203882	-6.2536872	5	1295000
6	188	4	53.307198	-6.307095	6	780000
3	52	1	53.3633941	-6.2417744	1	230000
12	116	3	53.3176657	-6.3130398	6	425000
2	412	5	53.3349871	-6.2459531	7	1950000
13	154	4	53.4090112	-6.170196	6	475000
6	205	4	53.314938	-6.2780597	7	1395000
16	97	2	53.2700341	-6.3319351	4	290000
3	111	3	53.368131	-6.2516115	7	650000
7	80	2	53.3571236	-6.2672444	7	315000
24	86	2	53.2878803	-6.3667143	1	240000
6	40	2	53.3283709	-6.2742828	7	334950
14	124	3	53.2845707	-6.226474	7	675000
7	67	2	53.3653972	-6.2862375	7	295000
9	87	3	53.3886151	-6.2632712	6	375000
7	125	4	53.3576512	-6.2916157	5	525000
6	209	5	53.3072196	-6.2883754	6	1250000
20	90	2	53.3490448	-6.3483586	6	475000
11	104	3	53.3889409	-6.2727203	3	575000
6	69	3	53.3152858	-6.2940637	7	425000
6	134	4	53.3157817	-6.2918816	6	625000
4	167	3	53.3193686	-6.2199725	7	1950000
14	111	3	53.2948252	-6.2554454	7	435000
4	39	1	53.3324643	-6.2425468	1	270000
13	59	2	53.4015768	-6.1524247	1	230000
24	92	3	53.2997394	-6.3572972	6	325000
8	85	3	53.3400251	-6.3184656	5	295000
8	78	2	53.3419054	-6.3005565	1	365000
15	173	4	53.4334629	-6.3755613	3	425000
6	98	3	53.3267474	-6.2810512	7	475000
4	45	1	53.3315212	-6.2223434	1	325000
1	83	2	53.3490556	-6.2447174	1	425000
5	88	3	53.3882315	-6.199216	7	320000
15	124	4	53.3726115	-6.3420785	6	690000
24	120	4	53.3009554	-6.3759365	7	260000
15	128	4	53.3834017	-6.3844978	6	470000
6	70	3	53.3239977	-6.2616839	7	475000
6	305	6	53.3201451	-6.2737929	7	1650000
66	98	3	53.3166317	-6.291626	7	395000
6	108	2	53.3129663	-6.2801793	7	675000
9	72	2	53.371195	-6.2599779	7	350000
15	75	2	53.3715802	-6.3470645	4	230000
15	119	3	53.3769777	-6.314235	5	445000
16	92	3	53.2760523	-6.2994111	6	450000
15	118	3	53.4010365	-6.3968253	6	299000
5	98	3	53.3769315	-6.2091851	6	460000
2	85	2	53.3363651	-6.2554379	1	550000
3	222	5	53.3730891	-6.2492558	3	1200000
8	89	1	53.338749	-6.3063909	8	330000
7	125	3	53.2644157	-6.166342	5	550000
24	91	3	53.3082754	-6.3664646	6	345000
6	115	3	53.313133	-6.2937118	6	575000
15	142	3	53.3726176	-6.40381	7	390000
1	46	1	53.3525199	-6.2428292	7	199000
6	181	4	53.3150079	-6.2822702	5	895000
5	101	3	53.3758735	-6.1741429	7	595000
4	227	6	53.3294922	-6.2444271	7	1350000
4	360	6	53.3286548	-6.2411089	5	3000000
9	60	2	53.3876615	-6.2495021	7	345000
11	70	2	53.3817894	-6.2897619	1	225000
12	68	2	53.3275812	-6.3037719	6	315000
4	150	3	53.3349246	-6.2222188	6	1100000
12	80	2	53.3194357	-6.3362208	5	310000
11	74	3	53.3987625	-6.3124362	6	270000
15	77	2	53.3947597	-6.3739088	4	249000
18	121	4	53.2672273	-6.2103816	6	595000
15	115	3	53.3734799	-6.3704863	2	650000
15	94	2	53.3936551	-6.3733514	4	285000
5	79	4	53.393066	-6.226321	7	295000
3	88	3	53.3669082	-6.2606734	7	590000
8	94	2	53.3345485	-6.2776106	5	550000
12	78	2	53.3275812	-6.3037719	5	335000
11	79	2	53.3869225	-6.2955871	5	249950
18	154	4	53.275813	-6.1760986	6	699000
9	171	3	53.3676864	-6.2597542	5	825000
13	82	2	53.4014531	-6.1428492	4	259950
11	125	3	53.3912341	-6.2809617	6	425000
17	85	3	53.4011017	-6.1989449	7	250000
22	88	3	53.3208698	-6.3728569	6	315000
6	123	3	53.3193397	-6.2642868	5	1050000
3	85	3	53.36066	-6.2442871	5	425000
9	85	2	53.3843115	-6.2477479	7	345000
4	66	2	53.3244947	-6.2366415	7	525000
24	101	3	53.2715141	-6.3292199	3	399000
7	35	2	53.353179	-6.2823349	7	270000
6	72	2	53.327295	-6.2536888	6	630000
14	79	2	53.3004784	-6.251716	7	525000
11	56	2	53.3929313	-6.3002773	1	220000
6	73	3	53.3164474	-6.289504	7	450000
14	85	3	53.2906691	-6.2622218	7	440000
66	125	3	53.2990745	-6.3246021	6	535000
4	131	3	53.331959	-6.2159912	6	1100000
4	90	2	53.3253658	-6.2201552	1	795000
11	75	3	53.38687	-6.3154533	7	215000
9	189	4	53.3684461	-6.2696202	5	795000
14	88	3	53.2887665	-6.2719722	7	395000
14	125	3	53.2797298	-6.3107143	6	525000
13	136	3	53.3954423	-6.127618	6	525000
13	137	4	53.388018	-6.1436663	6	585000
9	165	4	53.3684447	-6.2702043	7	795000
11	120	3	53.3861611	-6.2741384	7	425000
4	49	1	53.3233877	-6.2081823	1	325000
14	116	4	53.3084447	-6.2409512	6	645000
13	56	1	53.3895166	-6.1103064	1	380000
14	201	5	53.2974222	-6.2407465	6	825000
4	194	3	53.3211975	-6.2349276	7	1450000
18	235	4	53.2571518	-6.1448719	3	850000
3	178	4	53.3628141	-6.2091512	3	1200000
24	133	3	53.2717044	-6.3514791	6	425000
15	133	3	53.3943324	-6.3741985	4	310000
22	100	4	53.3181847	-6.3648634	6	600000
14	149	3	53.2936466	-6.3084904	6	625000
4	82	2	53.3247659	-6.2369101	1	495000
2	77	2	53.3352224	-6.2654782	7	475000
66	144	4	53.3213316	-6.2820294	7	895000
12	123	3	53.3161245	-6.3216845	7	510000
15	281	5	53.3719215	-6.3584868	3	1595000
13	124	4	53.401223	-6.1646291	6	440000
2	310	4	53.3315894	-6.2579327	6	2250000
6	102	3	53.3189993	-6.2476228	7	785000
7	63	2	53.3667755	-6.2962954	7	290000
13	80	3	53.3933943	-6.1710789	6	300000
9	73	1	53.3691884	-6.2544102	7	445000
4	325	6	53.3277636	-6.242216	7	1950000
6	270	4	53.3280286	-6.259765	7	1400000
15	130	4	53.3892719	-6.4251008	6	420000
7	88	2	53.3625777	-6.2843386	6	379950
6	325	4	53.3194458	-6.2599842	7	3200000
24	95	3	53.2987039	-6.3615799	6	350000
1	57	2	53.349964	-6.2379583	1	365000
3	61	2	53.3521892	-6.2353277	7	299000
7	172	5	53.3595399	-6.2706172	7	695000
4	159	5	53.3303761	-6.2145458	3	1250000
15	111	2	53.3439478	-6.4527722	5	595000
7	133	5	53.3159453	-6.3324538	5	450000
8	85	2	53.332645	-6.277623	7	700000
18	125	3	53.2479058	-6.1781929	6	520000
13	66	2	53.401135	-6.1632471	1	240000
3	74	2	53.364107	-6.1968796	7	440000
2	77	3	53.3402263	-6.24437	7	385000
8	60	2	53.3470874	-6.310265	1	295000
15	99	3	53.3724586	-6.3606521	5	350000
3	103	3	53.3648659	-6.2210768	6	575000
7	118	3	53.3574975	-6.2987583	7	355000
15	97	4	53.3788663	-6.3557902	6	575000
4	90	2	53.3405444	-6.232237	5	480000
3	298	8	53.3590355	-6.245783	3	850000
17	85	3	53.4033345	-6.2084123	6	325000
8	64	2	53.3440805	-6.2725311	7	335000
12	92	3	53.3069991	-6.3371966	7	375000
4	160	3	53.3290906	-6.2459382	3	1250000
13	85	3	53.398506	-6.1564236	6	295000
11	115	3	53.3763559	-6.2887778	6	450000
22	69	2	53.3235872	-6.400346	1	210000
4	228	5	53.3178341	-6.2157726	3	1600000
4	114	3	53.3330322	-6.2165648	5	850000
5	102	3	53.3768218	-6.2004738	6	590000
8	71	2	53.3415157	-6.2966462	7	349000
4	58	2	53.327355	-6.24478	1	450000
3	64	2	53.367307	-6.1871809	1	279000
17	79	4	53.3990131	-6.2067053	7	295000
18	59	2	53.255536	-6.2185407	1	295000
14	90	2	53.2929012	-6.2739765	7	440000
14	210	4	53.2962774	-6.229723	3	1175000
4	83	2	53.3404699	-6.2304604	1	550000
15	125	4	53.4183419	-6.388055	5	275000
12	77	2	53.3275812	-6.3037719	5	320000
15	116	3	53.3917947	-6.3680416	4	330000
18	57	2	53.2282301	-6.1286537	2	360000
3	104	3	53.3656757	-6.2399803	7	510000
3	62	2	53.3557976	-6.2364325	7	330000
22	91	3	53.3367363	-6.3634109	6	250000
13	112	3	53.3975351	-6.1589454	6	365000
14	129	3	53.2995086	-6.2632493	6	625000
12	60	2	53.3302878	-6.2879901	7	360000
9	150	4	53.3678229	-6.2605357	5	625000
15	78	2	53.3911277	-6.4259878	7	290000
4	65	2	53.3178451	-6.2336194	7	410000
6	182	3	53.3036727	-6.2615952	5	1150000
5	65	2	53.3802234	-6.2094959	5	595000
15	85	3	53.4015131	-6.4024926	3	249950
22	77	3	53.3237436	-6.398244	2	275000
11	112	3	53.394478	-6.2858894	6	495000
15	160	4	53.4285822	-6.3820454	6	400000
7	173	5	53.3584957	-6.2924029	3	695000
6	200	3	53.3212966	-6.2733513	6	1700000
3	55	1	53.3635097	-6.2425272	1	230000
18	131	4	53.2762112	-6.1704367	6	695000
14	120	3	53.2964292	-6.2351378	6	675000
15	280	5	53.3665404	-6.4007269	3	1525000
9	183	4	53.3952604	-6.2440543	5	550000
14	89	3	53.294858	-6.2840956	7	525000
8	78	2	53.3351253	-6.2914978	7	450000
1	122	4	53.3585505	-6.2488705	7	395000
1	57	3	53.3551866	-6.2516913	7	265000
1	84	2	53.3550617	-6.252245	5	210000
9	105	3	53.3760789	-6.2370701	7	600000
7	100	4	53.3614777	-6.2611814	7	495000
4	61	2	53.3420146	-6.2259541	7	395000
1	56	2	53.355159	-6.2518354	5	160000
9	96	3	53.4085508	-6.2324242	6	330000
11	101	3	53.3854796	-6.3088279	5	275000
8	65	2	53.3477081	-6.3061859	1	325000
15	132	4	53.3719215	-6.3584868	3	695000
11	130	3	53.39266	-6.299153	7	315000
3	90	3	53.3621478	-6.2475634	7	450000
5	71	3	53.3964486	-6.2221074	7	290000
7	64	2	53.3529987	-6.2904057	7	365000
5	69	3	53.3978599	-6.2238976	7	200000
15	97	3	53.3964445	-6.3819635	6	320000
6	168	4	53.3234563	-6.2505421	6	950000
18	81	3	53.2413208	-6.1147243	7	365000
9	75	3	53.3942793	-6.2629225	1	175000
8	114	3	53.3360138	-6.3281445	3	395000
15	100	3	53.401243	-6.390791	5	260000
15	187	5	53.3887556	-6.380867	6	500000
12	142	5	53.3109887	-6.3129622	6	545000
16	127	4	53.2777304	-6.3124604	6	499000
22	114	4	53.3154212	-6.4019232	6	325000
12	65	2	53.3275812	-6.3037719	5	330000
1	52	2	53.3606737	-6.2618653	1	295000
3	39	2	53.3532432	-6.2274132	7	250000
7	119	3	53.3717093	-6.3243787	6	420000
3	83	3	53.3700825	-6.2336339	5	395000
15	65	2	53.3886042	-6.3906675	1	235000
4	63	2	53.326205	-6.2190513	1	490000
66	181	4	53.3068242	-6.2831567	6	1295000
14	127	4	53.291126	-6.2933007	6	695000
6	84	2	53.3099107	-6.2829572	1	395000
7	77	2	53.36331	-6.2966298	5	365000
5	141	5	53.3831841	-6.1689154	6	620000
12	89	3	53.3121728	-6.3206226	7	450000
6	110	3	53.3098725	-6.2829949	6	775000
13	245	4	53.3897774	-6.1087369	6	995000
14	79	2	53.2884828	-6.257369	2	525000
1	52	1	53.3462686	-6.2678055	1	295000
8	67	2	53.3223792	-6.2068608	1	395000
7	60	2	53.3477882	-6.2792739	1	345000
3	82	2	53.3643626	-6.2457369	1	290000
2	80	2	53.3464906	-6.267673	1	399950
3	40	1	53.3634956	-6.2555061	1	230000
1	86	1	53.3524638	-6.2495324	4	325000
2	46	2	53.3447327	-6.2638815	1	350000
13	75	2	53.4078252	-6.1564023	1	270000
8	72	2	53.3373983	-6.2929202	1	295000
14	52	2	53.2973734	-6.2910348	1	375000
9	55	2	53.3943456	-6.2644766	1	190000
8	87	2	53.3416903	-6.3050548	1	435000
14	106	3	53.2989024	-6.2847386	4	405000
1	53	2	53.3578737	-6.2478082	1	315000
8	65	2	53.342689	-6.3120217	1	280000
1	58	2	53.3502153	-6.2747689	1	285000
3	79	2	53.3676907	-6.2500848	1	369950
4	81	3	53.3440402	-6.2272924	1	425000
11	61	2	53.394697	-6.2644411	1	195000
8	102	3	53.3408563	-6.3153443	1	399000
18	70	2	53.2697667	-6.2393726	1	295000
2	49	1	53.2857923	-6.1548982	1	340000
8	48	2	53.330676	-6.266168	1	275000
2	48	2	53.3414252	-6.2726053	1	275000
3	40	1	53.3663997	-6.2183296	1	230000
1	46	1	53.3478879	-6.2626948	1	245000
3	92	2	53.363007	-6.2493206	1	390000
14	70	2	53.2950791	-6.2943341	1	375000
1	35	1	53.347089	-6.2624144	1	250000
8	66	2	53.3396676	-6.3059016	1	275000
18	98	3	53.2777023	-6.2110538	1	545000
4	36	1	53.3274501	-6.2433242	1	375000
18	96	2	53.2469049	-6.1815015	1	395000
18	96	2	53.2469049	-6.1815015	1	395000
6	164	3	53.3139984	-6.2504575	1	875000
18	58	2	53.2467094	-6.1773541	1	345000
8	75	3	53.3389065	-6.3190585	4	299950
3	110	3	53.373804	-6.2369135	1	425000
11	79	2	53.3813276	-6.2905908	1	250000
8	72	2	53.3362553	-6.2917981	1	325000
13	85	2	53.4024873	-6.1629046	1	260000
11	32	1	53.3658315	-6.2724328	1	199950
1	71	2	53.3559523	-6.2558887	1	265000
1	58	2	53.3481583	-6.2768789	1	285000
9	42	1	53.3935427	-6.2645475	1	160000
9	85	2	53.4029448	-6.25519	1	285000
9	88	2	53.4041122	-6.2600368	1	260000
4	72	2	53.3177636	-6.2385734	4	495000
15	83	2	53.3725	-6.3375674	1	382500
8	41	1	53.3445378	-6.2692931	1	275000
2	80	3	53.3312517	-6.2610716	1	475000
7	60	2	53.3567947	-6.2912324	1	290000
1	33	1	53.34702	-6.282977	1	230000
14	87	2	53.292307	-6.2784757	1	355000
4	136	2	53.3288165	-6.2399246	1	1250000
4	43	1	53.3247831	-6.2077502	1	335000
7	57	2	53.3384862	-6.3622272	1	305000
7	103	3	53.3478663	-6.2780447	1	559950
18	68	2	53.2592655	-6.2228474	1	295000
14	46	1	53.2820864	-6.2438042	1	315000
15	64	2	53.3828553	-6.3852622	1	215000
1	56	2	53.3469206	-6.2657661	1	290000
14	61	2	53.3157045	-6.270544	1	375000
8	47	1	53.3383511	-6.2797282	1	295000
9	82	2	53.4063294	-6.2483552	1	240000
1	57	1	53.3525906	-6.2505868	1	240000
9	58	2	53.3863404	-6.2291862	1	249000
8	44	1	53.3430441	-6.2709222	1	245000
5	74	2	53.3761029	-6.1671603	1	310000
1	132	3	53.3499642	-6.2377106	1	625000
6	37	1	53.3230244	-6.2788554	1	199000
1	32	1	53.3509997	-6.2899691	1	230000
9	361	2	53.4035285	-6.253208	1	255000
14	73	2	53.2870145	-6.2365305	1	365000
13	75	2	53.404221	-6.1801432	1	275000
8	73	2	53.3395127	-6.2793506	1	315000
2	76	2	53.3453867	-6.2334255	1	525000
3	75	2	53.3629839	-6.1828326	1	425000
11	65	2	53.4062988	-6.285191	1	220000
8	39	1	53.3381328	-6.2764611	1	260000
1	45	1	53.3407361	-6.276253	1	250000
3	65	2	53.3567599	-6.2340425	1	315000
9	76	2	53.3676907	-6.2500848	1	345000
2	54	2	53.3453867	-6.2334255	1	350000
4	60	1	53.3278232	-6.2318985	1	335000
18	74	2	53.226494	-6.1265227	1	340000
4	35	1	53.3418611	-6.2267121	1	300000
11	62	2	53.3780503	-6.2670665	1	250000
8	95	1	53.3356136	-6.274735	1	495000
8	42	1	53.3389065	-6.3190585	1	190000
14	76	2	53.2929118	-6.2803719	1	360000
8	68	2	53.3414811	-6.2987634	1	275000
15	41	1	53.34923	-6.28185	1	225000
2	67	2	53.3454906	-6.25191	1	425000
24	83	2	53.2868718	-6.375345	1	220000
6	90	2	53.3138087	-6.2500035	1	545000
8	66	1	53.3360533	-6.2883591	1	260000
1	46	1	53.381275	-6.4031338	1	250000
4	76	2	53.3374963	-6.2372438	1	525000
2	80	2	53.3455819	-6.2383244	1	550000
7	65	1	53.351217	-6.2839951	1	275000
14	72	2	53.2859894	-6.2460934	1	450000
2	47	1	53.341278	-6.246897	1	335000
3	40	1	53.3628796	-6.2159334	1	260000
4	90	3	53.32937	-6.2275049	1	550000
9	53	1	53.3999101	-6.2646619	1	160000
15	52	1	53.3758842	-6.316818	1	229000
8	66	2	53.3399246	-6.2677826	1	425000
8	75	2	53.338999	-6.2795588	1	395000
8	60	2	53.3633072	-6.2483973	1	279000
6	83	2	53.3230379	-6.2648596	1	425000
10	47	1	53.3371071	-6.3608829	1	149950
1	44	1	53.3525906	-6.2505868	1	250000
8	53	1	53.3453002	-6.2766878	1	205000
8	55	2	53.3371748	-6.2814238	1	275000
8	39	1	53.3429633	-6.2703329	1	245000
24	42	1	53.288189	-6.370622	1	185000
8	80	2	53.3423374	-6.3094157	1	440000
14	75	2	53.2919774	-6.277892	1	365000
8	52	2	53.2844744	-6.2930999	1	280000
8	167	2	53.3356136	-6.274735	4	775000
7	69	2	53.3507302	-6.2648869	1	290000
1	56	2	53.3562528	-6.2585251	1	280000
4	58	1	53.3137205	-6.2066579	1	325000
15	76	2	53.3760904	-6.3323195	1	280000
4	56	2	53.3405071	-6.2262763	1	380000
1	73	2	53.381275	-6.4031338	1	330000
1	53	2	53.3465173	-6.2656625	1	335000
11	43	1	53.4066671	-6.2892184	1	165000
8	59	2	53.3419884	-6.2961345	1	279995
6	72	2	53.3139246	-6.2406101	1	495000
1	35	1	53.3523183	-6.2551283	1	179000
1	69	2	53.3555628	-6.2576408	1	285000
1	62	2	53.3517665	-6.2500528	1	300000
22	48	2	53.3251618	-6.4273337	1	189000
18	118	2	53.2592655	-6.2228474	1	579000
1	33	1	53.347089	-6.2624144	1	270000
24	60	1	53.2894863	-6.3741367	1	225000
1	68	2	53.3494306	-6.2386257	1	390000
1	57	2	53.3503186	-6.2688846	1	265000
8	58	2	53.3431832	-6.280244	1	320000
9	68	2	53.4035285	-6.253208	1	260000
14	68	2	53.2820864	-6.2438042	1	395000
1	78	2	53.3491147	-6.2303112	1	360000
1	89	2	53.3527242	-6.2545305	1	295000
1	65	2	53.3501291	-6.2579815	1	315000
8	45	1	53.3483129	-6.3030824	1	250000
2	57	2	53.2426968	-6.1391138	1	345000
8	62	2	53.3444284	-6.3068674	1	285000
4	66	2	53.3384162	-6.237222	1	430000
2	60	2	53.3457282	-6.2548402	1	390000
18	74	2	53.276225	-6.2207062	1	375000
3	67	2	53.3637698	-6.2487348	1	310000
1	85	3	53.3562528	-6.2585251	1	360000
11	94	2	53.3875438	-6.3002592	4	245000
14	70	2	53.2866263	-6.23668	1	385000
18	63	2	53.2776924	-6.2164468	1	310000
18	78	2	53.2775738	-6.2151242	1	395000
8	68	2	53.3423374	-6.3094157	1	370000
1	93	2	53.3527242	-6.2545305	1	350000
8	58	2	53.3483129	-6.3030824	1	345000
1	60	2	53.3499554	-6.267168	1	335000
15	93	2	53.3727231	-6.3360501	1	397500
4	75	2	53.3392691	-6.2346876	1	475000
9	40	1	53.3813289	-6.2384795	1	199950
8	36	1	53.3435916	-6.268463	1	285000
22	50	1	53.3187531	-6.3717069	1	195000
9	70	2	53.4035285	-6.253208	1	270000
1	91	2	53.381275	-6.4031338	1	370000
4	76	2	53.3484593	-6.3466722	1	375000
1	90	2	53.3496954	-6.2775248	1	450000
4	66	2	53.3418769	-6.2353345	1	370000
4	60	2	53.3484593	-6.3466722	1	395000
6	90	2	53.317053	-6.243859	1	475000
18	56	1	53.2535551	-6.2071318	1	245000
14	45	1	53.3060883	-6.2395838	1	285000
8	68	2	53.3298941	-6.2747896	1	375000
22	67	2	53.3283213	-6.3945288	1	189950
14	70	2	53.2957819	-6.259299	1	325000
3	70	2	53.3571354	-6.242997	1	310000
18	62	2	53.2768805	-6.2169303	1	345000
4	65	2	53.3422883	-6.23157	1	425000
6	42	1	53.3253586	-6.2646187	1	270000
20	62	2	53.3432961	-6.3388751	1	235000
2	55	1	53.3454014	-6.2361096	1	365000
11	66	2	53.3926796	-6.3001684	1	219000
1	67	2	53.3516048	-6.2532046	1	340000
9	68	2	53.4010239	-6.2605654	1	199950
15	90	3	53.3733658	-6.3375763	1	380000
14	77	2	53.2941748	-6.2488594	1	400000
1	52	2	53.354547	-6.257385	1	250000
2	45	1	53.3454906	-6.25191	1	287500
1	103	3	53.3499642	-6.2377106	1	525000
8	59	1	53.336216	-6.2819815	1	260000
12	100	3	53.3339118	-6.3776249	1	275000
8	55	2	53.3344828	-6.2907464	1	225000
8	37	1	53.3379079	-6.2957063	1	215000
8	47	1	53.3437372	-6.2765562	1	270000
8	60	2	53.34033	-6.2739807	1	265000
16	121	3	53.2798603	-6.278982	1	460000
6	55	1	53.3180615	-6.2663742	1	270000
17	53	2	53.3886539	-6.2454116	1	225000
2	53	1	53.3451704	-6.2684244	1	299000
16	65	2	53.2719261	-6.2506075	1	310000
18	57	2	53.2504298	-6.1439227	1	275000
8	45	1	53.3429633	-6.2703329	1	260000
15	86	3	53.3774677	-6.3112813	1	320000
8	32	1	53.34639	-6.2826699	1	200000
1	96	3	53.350042	-6.237672	1	495000
15	79	2	53.375761	-6.3253168	1	330000
4	60	2	53.3418769	-6.2353345	1	345000
11	72	2	53.4066671	-6.2892184	1	230000
3	187	2	53.3567599	-6.2340425	1	900000
8	42	1	53.3429814	-6.2748884	1	225000
2	72	2	53.3426932	-6.2493808	1	390000
24	54	1	53.2868718	-6.375345	1	172500
15	85	2	53.3722827	-6.3356878	1	365000
9	89	3	53.4064144	-6.2503668	1	279950
15	62	2	53.4165704	-6.3880096	1	199000
6	46	1	53.3194832	-6.2624344	1	285000
2	46	1	53.3473666	-6.2554648	1	275000
3	55	1	53.3653794	-6.2456143	1	245000
6	80	2	53.3120818	-6.2481127	1	490000
2	70	2	53.3455819	-6.2383244	1	520000
2	75	2	53.3454014	-6.2361096	1	495000
8	48	2	53.34639	-6.2826699	1	265000
1	85	2	53.3494306	-6.2386257	1	450000
14	75	2	53.2832873	-6.2444957	1	499000
2	84	2	53.3455577	-6.2378696	1	625000
18	100	3	53.248513	-6.1470494	1	385000
24	42	1	53.2894863	-6.3741367	1	185000
1	68	2	53.3496954	-6.2775248	1	395000
14	74	2	53.2859894	-6.2460934	1	475000
15	42	1	53.4167808	-6.3877821	1	160000
4	75	2	53.3321185	-6.2356748	4	640000
4	60	2	53.3273806	-6.2160547	1	395000
4	61	2	53.3392691	-6.2346876	1	420000
2	47	2	53.4070785	-6.2883008	1	350000
22	107	3	53.3183067	-6.3741135	4	250000
2	38	1	53.3426932	-6.2493808	1	265000
14	72	2	53.2859894	-6.2460934	1	475000
4	50	1	53.3388992	-6.2352478	1	360000
15	84	2	53.4043808	-6.4075204	1	230000
1	55	2	53.3494306	-6.2386257	1	350000
4	65	2	53.3405071	-6.2262763	1	380000
8	36	1	53.339701	-6.273708	1	230000
3	32	1	53.3651695	-6.2267113	1	220000
8	50	1	53.3338835	-6.2757933	1	224950
2	38	1	53.3426932	-6.2493808	1	270000
8	58	2	53.3381328	-6.2764611	1	285000
11	50	1	53.3741457	-6.2689995	1	200000
18	64	2	53.2642895	-6.1690673	1	325000
2	58	2	53.3351155	-6.2468937	1	395000
15	80	3	53.3760835	-6.326178	1	370000
7	42	2	53.3478663	-6.2780447	1	305000
14	65	2	53.2957626	-6.2942578	1	375000
8	54	2	53.339701	-6.273708	1	315000
8	56	1	53.340224	-6.2749881	1	275000
13	70	2	53.3981138	-6.1793415	1	220000
13	59	2	53.4010178	-6.1646609	1	235000
18	80	2	53.2681137	-6.2456727	1	295000
3	121	3	53.3554423	-6.241152	1	440000
4	105	2	53.3316545	-6.2476511	1	595000
13	80	2	53.3801118	-6.0605789	1	395000
9	83	3	53.3942793	-6.2629225	1	175000
7	64	2	53.3614409	-6.2719542	1	329000
1	66	2	53.3525906	-6.2505868	1	325000
6	55	2	53.3233918	-6.2657608	1	395000
11	67	2	53.3817894	-6.2897619	1	230000
7	66	2	53.3478728	-6.2779404	1	315000
14	122	3	53.2989843	-6.2845572	1	445000
2	91	3	53.3454014	-6.2361096	1	595000
8	83	2	53.3457812	-6.2797622	1	450000
8	66	2	53.3376365	-6.293175	1	295000
4	73	2	53.3172817	-6.2369192	1	350000
18	68	2	53.2342977	-6.116319	1	315000
13	55	1	53.4020038	-6.1515431	1	209950
4	62	2	53.3384162	-6.237222	1	425000
4	64	1	53.328975	-6.2151041	1	350000
4	90	2	53.3425769	-6.2366343	1	405000
9	38	1	53.3816098	-6.2465221	1	195000
6	44	1	53.3279247	-6.2474633	1	285000
2	153	2	53.3388476	-6.2444058	1	1100000
16	69	2	53.2807009	-6.2427837	1	415000
16	69	2	53.2807009	-6.2427837	1	415000
16	82	2	53.2726552	-6.2539114	1	360000
18	155	4	53.2630615	-6.171495	3	875000
13	274	5	53.3922844	-6.1124215	6	1495000
13	219	5	53.3831788	-6.0938711	3	885000
14	255	4	53.2941502	-6.2529175	3	2500000
6	56	1	53.3095907	-6.2475246	7	365000
14	190	4	53.3004978	-6.2838544	3	825000
6	149	3	53.3116041	-6.2746715	3	625000
13	49	1	53.4020116	-6.1405283	1	225000
1	79	2	53.3492851	-6.2317665	1	385000
1	48	1	53.3492718	-6.2314817	1	285000
9	100	2	53.3890947	-6.2513221	4	290000
4	100	4	53.3238459	-6.2468103	3	695000
18	312	5	53.2690032	-6.1841375	3	1950000
18	147	3	53.254379	-6.1736921	2	975000
13	310	3	53.3858437	-6.0616322	3	1485000
14	883	7	53.2908253	-6.2514691	3	2850000
1	57	2	53.34702	-6.282977	1	305000
13	181	4	53.3814438	-6.0968357	3	795000
14	121	3	53.2964163	-6.2684613	2	650000
14	76	2	53.294437	-6.2463498	1	475000
13	188	4	53.3697177	-6.0856141	3	1800000
6	145	4	53.3210953	-6.281754	7	750000
4	88	3	53.3325759	-6.215166	7	575000
18	189	4	53.2682922	-6.1727467	6	1250000
6	78	3	53.3200051	-6.2525528	8	585000
4	230	3	53.3206366	-6.2173034	3	1750000
4	89	2	53.3285094	-6.2267772	3	690000
9	95	3	53.3779111	-6.2263112	7	495000
7	290	4	53.3585903	-6.2919327	3	1500000
13	300	5	53.3822639	-6.0968772	2	1525000
6	306	6	53.3150029	-6.2579387	6	3250000
3	361	9	53.360319	-6.1999965	5	1150000
14	154	3	53.2967518	-6.2912037	6	775000
7	319	8	53.3486872	-6.2902274	5	1800000
6	79	2	50.947822	-2.5144829	1	450000
16	174	4	53.266016	-6.3118952	3	950000
18	156	4	53.2672979	-6.1844552	7	745000
14	440	5	53.2907403	-6.2403466	3	2250000
18	137	3	41.8230531	12.9780981	3	795000
8	110	3	53.3352836	-6.3268936	5	525000
18	232	5	53.2669497	-6.2172787	3	895000
13	300	4	53.3805225	-6.0582515	3	2300000
13	195	4	53.3769098	-6.0653539	3	1495000
6	520	5	53.3123134	-6.2575677	3	4750000
2	80	2	53.3441202	-6.2315495	1	685000
18	450	5	53.2670225	-6.1805768	3	4000000
13	131	3	53.3825112	-6.0663692	7	675000
18	302	4	53.2686495	-6.1816999	3	2350000
13	195	5	53.3793987	-6.0656838	3	1200000
12	148	4	53.3211786	-6.3172135	3	550000
13	208	5	53.374508	-6.0588908	6	1200000
18	370	6	53.2368004	-6.1961302	3	1695000
3	93	3	53.3691662	-6.2626278	6	450000
18	530	6	53.2674434	-6.1820881	3	3150000
14	240	4	53.2890468	-6.2902341	3	975000
4	368	5	53.3283511	-6.2203535	6	2695000
6	464	5	53.3052535	-6.2617424	3	2950000
18	334	6	53.2760134	-6.1895587	3	1950000
4	130	3	53.3354175	-6.224799	3	980000
18	144	4	53.2651196	-6.2273459	2	795000
8	42	1	53.3438586	-6.2817933	1	195000
15	86	3	53.3747904	-6.3632751	3	440000
3	254	5	53.3651927	-6.1757463	6	1950000
14	161	2	53.2911903	-6.2576149	3	850000
1	95	2	53.3561495	-6.2553149	1	375000
14	159	4	53.2987607	-6.2644035	6	725000
6	309	5	53.307181	-6.2727269	6	2650000
6	336	5	53.3159591	-6.2560515	3	4750000
17	82	3	53.4036271	-6.2022898	7	240000
5	116	3	53.3874843	-6.2220356	6	390000
4	245	3	53.3176455	-6.2200194	6	1500000
4	168	3	53.3266304	-6.2154892	2	1000000
1	40	2	53.353527	-6.260489	1	250000
4	207	2	53.319076	-6.2104761	1	1350000
4	285	3	53.3272496	-6.2258218	1	2700000
13	687	6	53.3698103	-6.0612716	3	2450000
8	170	4	53.3387307	-6.3025824	5	875000
18	490	7	53.2370078	-6.1538508	3	1795000
6	412	5	53.3191406	-6.2721949	3	4350000
4	168	2	53.3272496	-6.2258218	1	1850000
4	114	1	53.3272496	-6.2258218	1	1100000
15	269	6	53.3705874	-6.3503724	3	2200000
9	89	3	53.3903948	-6.2564702	6	370000
4	300	6	53.3206366	-6.2173034	3	2950000
5	129	4	53.3783777	-6.1594808	6	675000
11	154	5	53.3684885	-6.268632	7	725000
18	319	5	53.2673197	-6.179502	3	2500000
9	77	3	53.3875985	-6.247954	6	315000
7	80	3	53.3700747	-6.2920401	6	325000
14	85	3	53.2803576	-6.2900844	6	375000
14	127	3	53.3333023	-6.2602735	3	895000
12	93	3	53.3289241	-6.3446646	2	349000
14	390	5	53.2977202	-6.2547203	3	1710000
4	61	2	53.3436318	-6.2220048	7	495000
6	227	5	53.3134663	-6.2627058	3	1850000
3	268	5	53.3644936	-6.2205817	3	1500000
14	81	3	53.2968834	-6.2438836	6	645000
13	150	3	53.3880556	-6.1186111	3	1100000
7	80	2	53.3502852	-6.2775474	1	310000
8	117	3	53.3383511	-6.2797282	4	395000
18	150	3	53.2467324	-6.1749168	3	850000
4	274	5	53.3177888	-6.2193005	6	1850000
4	68	2	53.3420832	-6.2256732	7	375000
4	382	5	53.3242638	-6.2128275	3	2650000
6	188	4	53.3107295	-6.27378	3	1255000
13	275	5	53.3763059	-6.0902127	3	1800000
14	249	5	53.3032657	-6.2807866	3	1100000
14	116	3	53.2980623	-6.248313	3	795000
18	520	7	53.2608818	-6.176409	3	4800000
18	236	5	53.2682356	-6.1728812	6	1395000
15	102	3	53.3838733	-6.4224839	2	545000
18	229	4	53.2724621	-6.1876783	3	1595000
6	84	3	53.3079906	-6.2550613	6	525000
11	149	3	53.3913093	-6.2691428	6	595000
24	279	5	53.2744587	-6.4107961	3	725000
22	97	3	53.3423677	-6.4059315	7	235000
66	150	3	53.2955257	-6.3084512	3	730000
13	282	4	53.3830139	-6.098136	3	1250000
13	341	5	53.3912943	-6.0888414	3	1800000
18	645	6	53.2332663	-6.1237578	3	3750000
17	94	3	53.4052024	-6.2156169	4	230000
